"trial"	"time"	"selection"	"outcome"	"game"	"points.cum"	"option.order"	"workerid"	"goal"	"condition"	"n.goals.reached"	"checkFails"	"payout"	"which.high.ev"
1	1.303	2	5	1	5	"2;1"	"id_124"	100	4	5	0	1.25	2
2	0.832	2	5	1	10	"2;1"	"id_124"	100	4	5	0	1.25	2
3	0.519	2	2	1	12	"2;1"	"id_124"	100	4	5	0	1.25	2
4	0.512	2	4	1	16	"2;1"	"id_124"	100	4	5	0	1.25	2
5	1.057	2	0	1	16	"2;1"	"id_124"	100	4	5	0	1.25	2
6	0.679	2	5	1	21	"2;1"	"id_124"	100	4	5	0	1.25	2
7	0.576	2	2	1	23	"2;1"	"id_124"	100	4	5	0	1.25	2
8	0.76	2	6	1	29	"2;1"	"id_124"	100	4	5	0	1.25	2
9	0.792	2	4	1	33	"2;1"	"id_124"	100	4	5	0	1.25	2
10	0.873	1	3	1	36	"2;1"	"id_124"	100	4	5	0	1.25	2
11	0.599	1	4	1	40	"2;1"	"id_124"	100	4	5	0	1.25	2
12	0.784	1	7	1	47	"2;1"	"id_124"	100	4	5	0	1.25	2
13	0.64	1	3	1	50	"2;1"	"id_124"	100	4	5	0	1.25	2
14	0.832	1	5	1	55	"2;1"	"id_124"	100	4	5	0	1.25	2
15	0.688	1	3	1	58	"2;1"	"id_124"	100	4	5	0	1.25	2
16	0.56	1	9	1	67	"2;1"	"id_124"	100	4	5	0	1.25	2
17	0.592	1	4	1	71	"2;1"	"id_124"	100	4	5	0	1.25	2
18	0.617	1	4	1	75	"2;1"	"id_124"	100	4	5	0	1.25	2
19	0.568	1	3	1	78	"2;1"	"id_124"	100	4	5	0	1.25	2
20	0.52	1	5	1	83	"2;1"	"id_124"	100	4	5	0	1.25	2
21	1.088	1	2	1	85	"2;1"	"id_124"	100	4	5	0	1.25	2
22	0.575	1	3	1	88	"2;1"	"id_124"	100	4	5	0	1.25	2
23	1.033	1	4	1	92	"2;1"	"id_124"	100	4	5	0	1.25	2
24	0.592	1	5	1	97	"2;1"	"id_124"	100	4	5	0	1.25	2
25	0.767	1	7	1	104	"2;1"	"id_124"	100	4	5	0	1.25	2
1	0.948	2	6	2	6	"2;1"	"id_124"	100	4	5	0	1.25	2
2	0.759	2	0	2	6	"2;1"	"id_124"	100	4	5	0	1.25	2
3	0.568	2	5	2	11	"2;1"	"id_124"	100	4	5	0	1.25	2
4	0.592	2	5	2	16	"2;1"	"id_124"	100	4	5	0	1.25	2
5	1.047	2	3	2	19	"2;1"	"id_124"	100	4	5	0	1.25	2
6	0.56	2	0	2	19	"2;1"	"id_124"	100	4	5	0	1.25	2
7	0.52	2	-2	2	17	"2;1"	"id_124"	100	4	5	0	1.25	2
8	0.544	2	4	2	21	"2;1"	"id_124"	100	4	5	0	1.25	2
9	0.529	2	0	2	21	"2;1"	"id_124"	100	4	5	0	1.25	2
10	0.535	2	2	2	23	"2;1"	"id_124"	100	4	5	0	1.25	2
11	0.512	2	1	2	24	"2;1"	"id_124"	100	4	5	0	1.25	2
12	1.024	2	4	2	28	"2;1"	"id_124"	100	4	5	0	1.25	2
13	0.529	2	1	2	29	"2;1"	"id_124"	100	4	5	0	1.25	2
14	0.543	2	-2	2	27	"2;1"	"id_124"	100	4	5	0	1.25	2
15	1.16	2	7	2	34	"2;1"	"id_124"	100	4	5	0	1.25	2
16	1.68	2	3	2	37	"2;1"	"id_124"	100	4	5	0	1.25	2
17	0.528	2	4	2	41	"2;1"	"id_124"	100	4	5	0	1.25	2
18	0.576	2	8	2	49	"2;1"	"id_124"	100	4	5	0	1.25	2
19	0.608	2	3	2	52	"2;1"	"id_124"	100	4	5	0	1.25	2
20	0.592	2	-2	2	50	"2;1"	"id_124"	100	4	5	0	1.25	2
21	0.968	1	-5	2	45	"2;1"	"id_124"	100	4	5	0	1.25	2
22	0.517	1	14	2	59	"2;1"	"id_124"	100	4	5	0	1.25	2
23	1.128	2	6	2	65	"2;1"	"id_124"	100	4	5	0	1.25	2
24	0.616	1	-13	2	52	"2;1"	"id_124"	100	4	5	0	1.25	2
25	0.937	1	-3	2	49	"2;1"	"id_124"	100	4	5	0	1.25	2
1	0.756	2	-5	3	-5	"1;2"	"id_124"	100	4	5	0	1.25	2
2	0.672	2	-3	3	-8	"1;2"	"id_124"	100	4	5	0	1.25	2
3	1	2	-14	3	-22	"1;2"	"id_124"	100	4	5	0	1.25	2
4	0.664	2	6	3	-16	"1;2"	"id_124"	100	4	5	0	1.25	2
5	0.576	2	7	3	-9	"1;2"	"id_124"	100	4	5	0	1.25	2
6	0.504	2	18	3	9	"1;2"	"id_124"	100	4	5	0	1.25	2
7	0.592	2	-2	3	7	"1;2"	"id_124"	100	4	5	0	1.25	2
8	0.784	1	5	3	12	"1;2"	"id_124"	100	4	5	0	1.25	2
9	0.664	1	1	3	13	"1;2"	"id_124"	100	4	5	0	1.25	2
10	0.672	1	2	3	15	"1;2"	"id_124"	100	4	5	0	1.25	2
11	0.911	1	2	3	17	"1;2"	"id_124"	100	4	5	0	1.25	2
12	0.833	1	4	3	21	"1;2"	"id_124"	100	4	5	0	1.25	2
13	0.848	1	7	3	28	"1;2"	"id_124"	100	4	5	0	1.25	2
14	0.72	1	9	3	37	"1;2"	"id_124"	100	4	5	0	1.25	2
15	0.784	1	3	3	40	"1;2"	"id_124"	100	4	5	0	1.25	2
16	0.817	1	0	3	40	"1;2"	"id_124"	100	4	5	0	1.25	2
17	0.679	1	5	3	45	"1;2"	"id_124"	100	4	5	0	1.25	2
18	0.528	1	9	3	54	"1;2"	"id_124"	100	4	5	0	1.25	2
19	0.632	1	1	3	55	"1;2"	"id_124"	100	4	5	0	1.25	2
20	0.64	1	7	3	62	"1;2"	"id_124"	100	4	5	0	1.25	2
21	0.696	1	4	3	66	"1;2"	"id_124"	100	4	5	0	1.25	2
22	0.608	1	5	3	71	"1;2"	"id_124"	100	4	5	0	1.25	2
23	0.632	1	7	3	78	"1;2"	"id_124"	100	4	5	0	1.25	2
24	0.56	1	5	3	83	"1;2"	"id_124"	100	4	5	0	1.25	2
25	0.616	1	5	3	88	"1;2"	"id_124"	100	4	5	0	1.25	2
1	1.034	2	2	4	2	"1;2"	"id_124"	100	4	5	0	1.25	2
2	0.976	2	9	4	11	"1;2"	"id_124"	100	4	5	0	1.25	2
3	0.568	2	-30	4	-19	"1;2"	"id_124"	100	4	5	0	1.25	2
4	1.128	1	7	4	-12	"1;2"	"id_124"	100	4	5	0	1.25	2
5	0.568	2	14	4	2	"1;2"	"id_124"	100	4	5	0	1.25	2
6	1.183	1	0	4	2	"1;2"	"id_124"	100	4	5	0	1.25	2
7	0.608	1	5	4	7	"1;2"	"id_124"	100	4	5	0	1.25	2
8	1.088	2	1	4	8	"1;2"	"id_124"	100	4	5	0	1.25	2
9	0.608	2	16	4	24	"1;2"	"id_124"	100	4	5	0	1.25	2
10	0.6	2	0	4	24	"1;2"	"id_124"	100	4	5	0	1.25	2
11	0.537	2	0	4	24	"1;2"	"id_124"	100	4	5	0	1.25	2
12	0.528	2	-4	4	20	"1;2"	"id_124"	100	4	5	0	1.25	2
13	0.56	2	4	4	24	"1;2"	"id_124"	100	4	5	0	1.25	2
14	0.552	2	2	4	26	"1;2"	"id_124"	100	4	5	0	1.25	2
15	1.056	2	-19	4	7	"1;2"	"id_124"	100	4	5	0	1.25	2
16	0.736	2	-1	4	6	"1;2"	"id_124"	100	4	5	0	1.25	2
17	0.56	2	2	4	8	"1;2"	"id_124"	100	4	5	0	1.25	2
18	0.568	2	-21	4	-13	"1;2"	"id_124"	100	4	5	0	1.25	2
19	0.656	2	-18	4	-31	"1;2"	"id_124"	100	4	5	0	1.25	2
20	0.592	2	6	4	-25	"1;2"	"id_124"	100	4	5	0	1.25	2
21	0.544	2	-4	4	-29	"1;2"	"id_124"	100	4	5	0	1.25	2
22	0.544	2	8	4	-21	"1;2"	"id_124"	100	4	5	0	1.25	2
23	0.584	2	6	4	-15	"1;2"	"id_124"	100	4	5	0	1.25	2
24	0.568	2	-3	4	-18	"1;2"	"id_124"	100	4	5	0	1.25	2
25	0.544	2	9	4	-9	"1;2"	"id_124"	100	4	5	0	1.25	2
1	0.598	1	6	5	6	"1;2"	"id_124"	100	4	5	0	1.25	2
2	0.535	1	4	5	10	"1;2"	"id_124"	100	4	5	0	1.25	2
3	0.528	1	7	5	17	"1;2"	"id_124"	100	4	5	0	1.25	2
4	0.512	1	1	5	18	"1;2"	"id_124"	100	4	5	0	1.25	2
5	1	1	1	5	19	"1;2"	"id_124"	100	4	5	0	1.25	2
6	0.552	1	2	5	21	"1;2"	"id_124"	100	4	5	0	1.25	2
7	0.52	1	4	5	25	"1;2"	"id_124"	100	4	5	0	1.25	2
8	0.528	1	4	5	29	"1;2"	"id_124"	100	4	5	0	1.25	2
9	0.953	1	4	5	33	"1;2"	"id_124"	100	4	5	0	1.25	2
10	0.528	1	4	5	37	"1;2"	"id_124"	100	4	5	0	1.25	2
11	0.52	1	8	5	45	"1;2"	"id_124"	100	4	5	0	1.25	2
12	0.504	1	9	5	54	"1;2"	"id_124"	100	4	5	0	1.25	2
13	0.984	1	2	5	56	"1;2"	"id_124"	100	4	5	0	1.25	2
14	1.04	1	4	5	60	"1;2"	"id_124"	100	4	5	0	1.25	2
15	1	1	2	5	62	"1;2"	"id_124"	100	4	5	0	1.25	2
16	0.544	1	3	5	65	"1;2"	"id_124"	100	4	5	0	1.25	2
17	0.564	1	3	5	68	"1;2"	"id_124"	100	4	5	0	1.25	2
18	0.512	1	3	5	71	"1;2"	"id_124"	100	4	5	0	1.25	2
19	0.504	1	5	5	76	"1;2"	"id_124"	100	4	5	0	1.25	2
20	0.552	1	5	5	81	"1;2"	"id_124"	100	4	5	0	1.25	2
21	0.511	1	3	5	84	"1;2"	"id_124"	100	4	5	0	1.25	2
22	0.521	1	10	5	94	"1;2"	"id_124"	100	4	5	0	1.25	2
23	0.528	1	7	5	101	"1;2"	"id_124"	100	4	5	0	1.25	2
24	0.695	1	4	5	105	"1;2"	"id_124"	100	4	5	0	1.25	2
25	0.617	1	6	5	111	"1;2"	"id_124"	100	4	5	0	1.25	2
1	1.105	1	0	6	0	"2;1"	"id_124"	100	4	5	0	1.25	2
2	0.601	1	4	6	4	"2;1"	"id_124"	100	4	5	0	1.25	2
3	0.535	1	7	6	11	"2;1"	"id_124"	100	4	5	0	1.25	2
4	0.512	1	-1	6	10	"2;1"	"id_124"	100	4	5	0	1.25	2
5	0.648	1	19	6	29	"2;1"	"id_124"	100	4	5	0	1.25	2
6	0.6	1	7	6	36	"2;1"	"id_124"	100	4	5	0	1.25	2
7	1.225	2	5	6	41	"2;1"	"id_124"	100	4	5	0	1.25	2
8	0.528	2	4	6	45	"2;1"	"id_124"	100	4	5	0	1.25	2
9	0.552	2	4	6	49	"2;1"	"id_124"	100	4	5	0	1.25	2
10	0.544	2	2	6	51	"2;1"	"id_124"	100	4	5	0	1.25	2
11	0.552	2	6	6	57	"2;1"	"id_124"	100	4	5	0	1.25	2
12	0.52	2	1	6	58	"2;1"	"id_124"	100	4	5	0	1.25	2
13	0.528	2	4	6	62	"2;1"	"id_124"	100	4	5	0	1.25	2
14	0.536	2	6	6	68	"2;1"	"id_124"	100	4	5	0	1.25	2
15	0.544	2	0	6	68	"2;1"	"id_124"	100	4	5	0	1.25	2
16	0.536	2	4	6	72	"2;1"	"id_124"	100	4	5	0	1.25	2
17	0.504	2	3	6	75	"2;1"	"id_124"	100	4	5	0	1.25	2
18	0.552	2	2	6	77	"2;1"	"id_124"	100	4	5	0	1.25	2
19	1.04	2	7	6	84	"2;1"	"id_124"	100	4	5	0	1.25	2
20	0.552	2	3	6	87	"2;1"	"id_124"	100	4	5	0	1.25	2
21	0.544	2	0	6	87	"2;1"	"id_124"	100	4	5	0	1.25	2
22	0.519	2	4	6	91	"2;1"	"id_124"	100	4	5	0	1.25	2
23	0.568	2	0	6	91	"2;1"	"id_124"	100	4	5	0	1.25	2
24	0.64	2	8	6	99	"2;1"	"id_124"	100	4	5	0	1.25	2
25	0.744	2	1	6	100	"2;1"	"id_124"	100	4	5	0	1.25	2
1	0.827	2	-8	7	-8	"1;2"	"id_124"	100	4	5	0	1.25	2
2	1.52	2	1	7	-7	"1;2"	"id_124"	100	4	5	0	1.25	2
3	0.56	2	8	7	1	"1;2"	"id_124"	100	4	5	0	1.25	2
4	0.737	2	9	7	10	"1;2"	"id_124"	100	4	5	0	1.25	2
5	1.456	1	6	7	16	"1;2"	"id_124"	100	4	5	0	1.25	2
6	0.6	1	5	7	21	"1;2"	"id_124"	100	4	5	0	1.25	2
7	0.592	1	5	7	26	"1;2"	"id_124"	100	4	5	0	1.25	2
8	0.616	1	2	7	28	"1;2"	"id_124"	100	4	5	0	1.25	2
9	0.624	1	4	7	32	"1;2"	"id_124"	100	4	5	0	1.25	2
10	0.504	1	1	7	33	"1;2"	"id_124"	100	4	5	0	1.25	2
11	0.511	1	5	7	38	"1;2"	"id_124"	100	4	5	0	1.25	2
12	0.577	1	4	7	42	"1;2"	"id_124"	100	4	5	0	1.25	2
13	0.656	1	4	7	46	"1;2"	"id_124"	100	4	5	0	1.25	2
14	0.512	1	8	7	54	"1;2"	"id_124"	100	4	5	0	1.25	2
15	0.552	1	-1	7	53	"1;2"	"id_124"	100	4	5	0	1.25	2
16	0.567	1	5	7	58	"1;2"	"id_124"	100	4	5	0	1.25	2
17	0.616	1	3	7	61	"1;2"	"id_124"	100	4	5	0	1.25	2
18	0.6	1	6	7	67	"1;2"	"id_124"	100	4	5	0	1.25	2
19	0.672	1	5	7	72	"1;2"	"id_124"	100	4	5	0	1.25	2
20	0.648	1	5	7	77	"1;2"	"id_124"	100	4	5	0	1.25	2
21	0.56	1	3	7	80	"1;2"	"id_124"	100	4	5	0	1.25	2
22	0.897	1	6	7	86	"1;2"	"id_124"	100	4	5	0	1.25	2
23	0.687	1	6	7	92	"1;2"	"id_124"	100	4	5	0	1.25	2
24	0.56	1	4	7	96	"1;2"	"id_124"	100	4	5	0	1.25	2
25	1.168	1	7	7	103	"1;2"	"id_124"	100	4	5	0	1.25	2
1	0.928	1	5	8	5	"2;1"	"id_124"	100	4	5	0	1.25	2
2	0.568	1	-9	8	-4	"2;1"	"id_124"	100	4	5	0	1.25	2
3	0.688	1	5	8	1	"2;1"	"id_124"	100	4	5	0	1.25	2
4	0.647	1	2	8	3	"2;1"	"id_124"	100	4	5	0	1.25	2
5	0.585	1	-10	8	-7	"2;1"	"id_124"	100	4	5	0	1.25	2
6	0.664	1	1	8	-6	"2;1"	"id_124"	100	4	5	0	1.25	2
7	0.584	1	14	8	8	"2;1"	"id_124"	100	4	5	0	1.25	2
8	1.103	2	6	8	14	"2;1"	"id_124"	100	4	5	0	1.25	2
9	0.616	2	4	8	18	"2;1"	"id_124"	100	4	5	0	1.25	2
10	0.528	2	7	8	25	"2;1"	"id_124"	100	4	5	0	1.25	2
11	0.976	2	0	8	25	"2;1"	"id_124"	100	4	5	0	1.25	2
12	0.6	2	0	8	25	"2;1"	"id_124"	100	4	5	0	1.25	2
13	1.088	2	2	8	27	"2;1"	"id_124"	100	4	5	0	1.25	2
14	0.528	2	3	8	30	"2;1"	"id_124"	100	4	5	0	1.25	2
15	0.921	2	6	8	36	"2;1"	"id_124"	100	4	5	0	1.25	2
16	0.855	2	2	8	38	"2;1"	"id_124"	100	4	5	0	1.25	2
17	0.918	2	5	8	43	"2;1"	"id_124"	100	4	5	0	1.25	2
18	0.535	2	2	8	45	"2;1"	"id_124"	100	4	5	0	1.25	2
19	1.024	2	2	8	47	"2;1"	"id_124"	100	4	5	0	1.25	2
20	1.024	2	0	8	47	"2;1"	"id_124"	100	4	5	0	1.25	2
21	0.688	2	8	8	55	"2;1"	"id_124"	100	4	5	0	1.25	2
22	0.953	2	6	8	61	"2;1"	"id_124"	100	4	5	0	1.25	2
23	0.712	2	5	8	66	"2;1"	"id_124"	100	4	5	0	1.25	2
24	0.928	2	-3	8	63	"2;1"	"id_124"	100	4	5	0	1.25	2
25	0.504	2	1	8	64	"2;1"	"id_124"	100	4	5	0	1.25	2
1	0.886	2	4	9	4	"2;1"	"id_124"	100	4	5	0	1.25	2
2	0.584	2	0	9	4	"2;1"	"id_124"	100	4	5	0	1.25	2
3	0.52	2	8	9	12	"2;1"	"id_124"	100	4	5	0	1.25	2
4	0.52	2	5	9	17	"2;1"	"id_124"	100	4	5	0	1.25	2
5	0.968	2	7	9	24	"2;1"	"id_124"	100	4	5	0	1.25	2
6	0.552	2	3	9	27	"2;1"	"id_124"	100	4	5	0	1.25	2
7	0.592	2	0	9	27	"2;1"	"id_124"	100	4	5	0	1.25	2
8	0.584	2	3	9	30	"2;1"	"id_124"	100	4	5	0	1.25	2
9	0.552	2	7	9	37	"2;1"	"id_124"	100	4	5	0	1.25	2
10	1.048	2	8	9	45	"2;1"	"id_124"	100	4	5	0	1.25	2
11	0.736	2	1	9	46	"2;1"	"id_124"	100	4	5	0	1.25	2
12	0.72	2	1	9	47	"2;1"	"id_124"	100	4	5	0	1.25	2
13	0.848	2	-1	9	46	"2;1"	"id_124"	100	4	5	0	1.25	2
14	0.809	2	-2	9	44	"2;1"	"id_124"	100	4	5	0	1.25	2
15	0.712	2	2	9	46	"2;1"	"id_124"	100	4	5	0	1.25	2
16	0.808	2	-1	9	45	"2;1"	"id_124"	100	4	5	0	1.25	2
17	0.759	2	3	9	48	"2;1"	"id_124"	100	4	5	0	1.25	2
18	0.761	2	5	9	53	"2;1"	"id_124"	100	4	5	0	1.25	2
19	0.735	2	7	9	60	"2;1"	"id_124"	100	4	5	0	1.25	2
20	0.76	2	4	9	64	"2;1"	"id_124"	100	4	5	0	1.25	2
21	0.808	2	-1	9	63	"2;1"	"id_124"	100	4	5	0	1.25	2
22	0.92	1	4	9	67	"2;1"	"id_124"	100	4	5	0	1.25	2
23	0.712	1	6	9	73	"2;1"	"id_124"	100	4	5	0	1.25	2
24	0.752	1	16	9	89	"2;1"	"id_124"	100	4	5	0	1.25	2
25	1.048	1	-5	9	84	"2;1"	"id_124"	100	4	5	0	1.25	2
1	1.036	2	1	10	1	"2;1"	"id_124"	100	4	5	0	1.25	2
2	0.728	2	2	10	3	"2;1"	"id_124"	100	4	5	0	1.25	2
3	0.728	2	4	10	7	"2;1"	"id_124"	100	4	5	0	1.25	2
4	0.728	2	8	10	15	"2;1"	"id_124"	100	4	5	0	1.25	2
5	0.728	2	6	10	21	"2;1"	"id_124"	100	4	5	0	1.25	2
6	0.815	2	5	10	26	"2;1"	"id_124"	100	4	5	0	1.25	2
7	0.777	2	2	10	28	"2;1"	"id_124"	100	4	5	0	1.25	2
8	0.696	2	6	10	34	"2;1"	"id_124"	100	4	5	0	1.25	2
9	0.808	2	6	10	40	"2;1"	"id_124"	100	4	5	0	1.25	2
10	0.752	2	3	10	43	"2;1"	"id_124"	100	4	5	0	1.25	2
11	0.72	2	9	10	52	"2;1"	"id_124"	100	4	5	0	1.25	2
12	0.776	2	7	10	59	"2;1"	"id_124"	100	4	5	0	1.25	2
13	0.672	2	4	10	63	"2;1"	"id_124"	100	4	5	0	1.25	2
14	0.816	2	8	10	71	"2;1"	"id_124"	100	4	5	0	1.25	2
15	0.776	2	2	10	73	"2;1"	"id_124"	100	4	5	0	1.25	2
16	0.712	2	3	10	76	"2;1"	"id_124"	100	4	5	0	1.25	2
17	0.92	2	-1	10	75	"2;1"	"id_124"	100	4	5	0	1.25	2
18	0.744	2	7	10	82	"2;1"	"id_124"	100	4	5	0	1.25	2
19	0.824	2	4	10	86	"2;1"	"id_124"	100	4	5	0	1.25	2
20	0.856	2	8	10	94	"2;1"	"id_124"	100	4	5	0	1.25	2
21	0.824	2	7	10	101	"2;1"	"id_124"	100	4	5	0	1.25	2
22	0.768	2	7	10	108	"2;1"	"id_124"	100	4	5	0	1.25	2
23	0.696	2	3	10	111	"2;1"	"id_124"	100	4	5	0	1.25	2
24	0.664	2	1	10	112	"2;1"	"id_124"	100	4	5	0	1.25	2
25	0.632	2	5	10	117	"2;1"	"id_124"	100	4	5	0	1.25	2
1	0.991	2	4	11	4	"2;1"	"id_124"	100	4	5	0	1.25	2
2	0.6	2	3	11	7	"2;1"	"id_124"	100	4	5	0	1.25	2
3	0.664	2	3	11	10	"2;1"	"id_124"	100	4	5	0	1.25	2
4	0.744	2	2	11	12	"2;1"	"id_124"	100	4	5	0	1.25	2
5	0.708	2	4	11	16	"2;1"	"id_124"	100	4	5	0	1.25	2
6	0.656	2	2	11	18	"2;1"	"id_124"	100	4	5	0	1.25	2
7	0.68	2	2	11	20	"2;1"	"id_124"	100	4	5	0	1.25	2
8	0.664	2	0	11	20	"2;1"	"id_124"	100	4	5	0	1.25	2
9	0.616	2	6	11	26	"2;1"	"id_124"	100	4	5	0	1.25	2
10	0.672	2	0	11	26	"2;1"	"id_124"	100	4	5	0	1.25	2
11	0.648	2	3	11	29	"2;1"	"id_124"	100	4	5	0	1.25	2
12	0.632	2	5	11	34	"2;1"	"id_124"	100	4	5	0	1.25	2
13	0.664	2	5	11	39	"2;1"	"id_124"	100	4	5	0	1.25	2
14	0.664	2	6	11	45	"2;1"	"id_124"	100	4	5	0	1.25	2
15	0.672	2	5	11	50	"2;1"	"id_124"	100	4	5	0	1.25	2
16	0.704	2	3	11	53	"2;1"	"id_124"	100	4	5	0	1.25	2
17	3.295	1	-10	11	43	"2;1"	"id_124"	100	4	5	0	1.25	2
18	0.584	1	0	11	43	"2;1"	"id_124"	100	4	5	0	1.25	2
19	0.896	1	0	11	43	"2;1"	"id_124"	100	4	5	0	1.25	2
20	0.528	1	-3	11	40	"2;1"	"id_124"	100	4	5	0	1.25	2
21	0.504	1	-3	11	37	"2;1"	"id_124"	100	4	5	0	1.25	2
22	0.729	1	14	11	51	"2;1"	"id_124"	100	4	5	0	1.25	2
23	0.512	1	2	11	53	"2;1"	"id_124"	100	4	5	0	1.25	2
24	0.544	1	12	11	65	"2;1"	"id_124"	100	4	5	0	1.25	2
25	0.592	1	-10	11	55	"2;1"	"id_124"	100	4	5	0	1.25	2
