"trial"	"time"	"selection"	"outcome"	"game"	"points.cum"	"option.order"	"workerid"	"goal"	"condition"	"n.goals.reached"	"checkFails"	"payout"	"which.high.ev"
1	0.5	1	4	1	4	"2;1"	"id_046"	0	3	NA	0	0.45	2
2	0.855224866778173	1	3	1	7	"2;1"	"id_046"	0	3	NA	0	0.45	2
3	0.935008962937796	1	5	1	12	"2;1"	"id_046"	0	3	NA	0	0.45	2
4	1.19192665283157	1	5	1	17	"2;1"	"id_046"	0	3	NA	0	0.45	2
5	1.26652047931049	2	2	1	19	"2;1"	"id_046"	0	3	NA	0	0.45	2
6	0.602134873646103	1	6	1	25	"2;1"	"id_046"	0	3	NA	0	0.45	2
7	1.20982871867947	1	4	1	29	"2;1"	"id_046"	0	3	NA	0	0.45	2
8	0.958645816771452	1	2	1	31	"2;1"	"id_046"	0	3	NA	0	0.45	2
9	0.615562620133416	1	5	1	36	"2;1"	"id_046"	0	3	NA	0	0.45	2
10	0.68847375363658	1	1	1	37	"2;1"	"id_046"	0	3	NA	0	0.45	2
11	0.838266589172857	1	3	1	40	"2;1"	"id_046"	0	3	NA	0	0.45	2
12	0.929366433224971	1	1	1	41	"2;1"	"id_046"	0	3	NA	0	0.45	2
13	0.879517406750367	2	5	1	46	"2;1"	"id_046"	0	3	NA	0	0.45	2
14	0.730230030014937	1	2	1	48	"2;1"	"id_046"	0	3	NA	0	0.45	2
15	0.81613980538522	1	5	1	53	"2;1"	"id_046"	0	3	NA	0	0.45	2
16	0.927555701169673	1	2	1	55	"2;1"	"id_046"	0	3	NA	0	0.45	2
17	0.5	1	1	1	56	"2;1"	"id_046"	0	3	NA	0	0.45	2
18	0.791747604225637	2	5	1	61	"2;1"	"id_046"	0	3	NA	0	0.45	2
19	0.959454454784288	2	-1	1	60	"2;1"	"id_046"	0	3	NA	0	0.45	2
20	0.945221874477205	1	4	1	64	"2;1"	"id_046"	0	3	NA	0	0.45	2
1	0.795317227071805	1	3	2	3	"1;2"	"id_046"	0	3	NA	0	0.45	2
2	0.785136697257309	1	3	2	6	"1;2"	"id_046"	0	3	NA	0	0.45	2
3	0.79327135725562	1	3	2	9	"1;2"	"id_046"	0	3	NA	0	0.45	2
4	0.690745267497382	1	3	2	12	"1;2"	"id_046"	0	3	NA	0	0.45	2
5	0.912860096177489	1	4	2	16	"1;2"	"id_046"	0	3	NA	0	0.45	2
6	0.638595659591433	1	3	2	19	"1;2"	"id_046"	0	3	NA	0	0.45	2
7	0.974318469181094	1	6	2	25	"1;2"	"id_046"	0	3	NA	0	0.45	2
8	0.935167041766198	1	4	2	29	"1;2"	"id_046"	0	3	NA	0	0.45	2
9	0.935302149371543	1	-4	2	25	"1;2"	"id_046"	0	3	NA	0	0.45	2
10	0.629198639494568	1	2	2	27	"1;2"	"id_046"	0	3	NA	0	0.45	2
11	0.757630847790128	1	1	2	28	"1;2"	"id_046"	0	3	NA	0	0.45	2
12	0.882138582049826	1	5	2	33	"1;2"	"id_046"	0	3	NA	0	0.45	2
13	0.584609999204129	1	3	2	36	"1;2"	"id_046"	0	3	NA	0	0.45	2
14	0.946121364785712	1	0	2	36	"1;2"	"id_046"	0	3	NA	0	0.45	2
15	0.82027092311665	2	22	2	58	"1;2"	"id_046"	0	3	NA	0	0.45	2
16	0.72612517889228	2	10	2	68	"1;2"	"id_046"	0	3	NA	0	0.45	2
17	0.5	1	2	2	70	"1;2"	"id_046"	0	3	NA	0	0.45	2
18	1.01411872319305	1	0	2	70	"1;2"	"id_046"	0	3	NA	0	0.45	2
19	0.759687385376864	2	1	2	71	"1;2"	"id_046"	0	3	NA	0	0.45	2
20	0.735876976270925	2	-7	2	64	"1;2"	"id_046"	0	3	NA	0	0.45	2
21	0.60956513562886	2	3	2	67	"1;2"	"id_046"	0	3	NA	0	0.45	2
22	0.747658541478161	2	-13	2	54	"1;2"	"id_046"	0	3	NA	0	0.45	2
23	0.714710145624168	1	7	2	61	"1;2"	"id_046"	0	3	NA	0	0.45	2
24	0.765554364754822	1	5	2	66	"1;2"	"id_046"	0	3	NA	0	0.45	2
25	1.07445887098901	1	5	2	71	"1;2"	"id_046"	0	3	NA	0	0.45	2
1	0.936933965137157	1	-1	3	-1	"1;2"	"id_046"	0	3	NA	0	0.45	2
2	1.07906095483675	1	3	3	2	"1;2"	"id_046"	0	3	NA	0	0.45	2
3	0.906147509433693	1	4	3	6	"1;2"	"id_046"	0	3	NA	0	0.45	2
4	0.762337151339753	1	3	3	9	"1;2"	"id_046"	0	3	NA	0	0.45	2
5	1.295483936275	1	0	3	9	"1;2"	"id_046"	0	3	NA	0	0.45	2
6	0.66051202852284	1	3	3	12	"1;2"	"id_046"	0	3	NA	0	0.45	2
7	0.955107805369835	1	-1	3	11	"1;2"	"id_046"	0	3	NA	0	0.45	2
8	1.02397583004427	1	3	3	14	"1;2"	"id_046"	0	3	NA	0	0.45	2
9	0.77960828282262	2	0	3	14	"1;2"	"id_046"	0	3	NA	0	0.45	2
10	0.736960480591706	1	2	3	16	"1;2"	"id_046"	0	3	NA	0	0.45	2
11	1.11767459395347	1	0	3	16	"1;2"	"id_046"	0	3	NA	0	0.45	2
12	1.00547954958743	1	2	3	18	"1;2"	"id_046"	0	3	NA	0	0.45	2
13	0.916843604060398	1	-4	3	14	"1;2"	"id_046"	0	3	NA	0	0.45	2
14	0.590424045445636	2	0	3	14	"1;2"	"id_046"	0	3	NA	0	0.45	2
15	0.740342558759735	2	17	3	31	"1;2"	"id_046"	0	3	NA	0	0.45	2
16	0.658673614935318	2	-8	3	23	"1;2"	"id_046"	0	3	NA	0	0.45	2
17	0.928605000915694	1	-1	3	22	"1;2"	"id_046"	0	3	NA	0	0.45	2
18	1.32804436850752	2	-1	3	21	"1;2"	"id_046"	0	3	NA	0	0.45	2
19	0.941530992439415	2	14	3	35	"1;2"	"id_046"	0	3	NA	0	0.45	2
20	0.5	2	10	3	45	"1;2"	"id_046"	0	3	NA	0	0.45	2
21	0.677556934486043	2	-9	3	36	"1;2"	"id_046"	0	3	NA	0	0.45	2
22	0.5	2	12	3	48	"1;2"	"id_046"	0	3	NA	0	0.45	2
23	0.5	1	0	3	48	"1;2"	"id_046"	0	3	NA	0	0.45	2
24	1.26009667488136	1	1	3	49	"1;2"	"id_046"	0	3	NA	0	0.45	2
25	0.593721820322034	2	-1	3	48	"1;2"	"id_046"	0	3	NA	0	0.45	2
1	0.572071390396755	2	1	4	1	"2;1"	"id_046"	0	3	NA	0	0.45	2
2	1.05318881284796	2	0	4	1	"2;1"	"id_046"	0	3	NA	0	0.45	2
3	0.675945736203105	2	4	4	5	"2;1"	"id_046"	0	3	NA	0	0.45	2
4	1.10640501873162	2	2	4	7	"2;1"	"id_046"	0	3	NA	0	0.45	2
5	0.944973251417559	2	1	4	8	"2;1"	"id_046"	0	3	NA	0	0.45	2
6	1.24044808803566	2	4	4	12	"2;1"	"id_046"	0	3	NA	0	0.45	2
7	1.40682448468826	2	2	4	14	"2;1"	"id_046"	0	3	NA	0	0.45	2
8	0.888796653753023	2	2	4	16	"2;1"	"id_046"	0	3	NA	0	0.45	2
9	0.5	2	3	4	19	"2;1"	"id_046"	0	3	NA	0	0.45	2
10	0.887382029802655	2	4	4	23	"2;1"	"id_046"	0	3	NA	0	0.45	2
11	0.657652078960852	2	5	4	28	"2;1"	"id_046"	0	3	NA	0	0.45	2
12	0.718028592064391	2	0	4	28	"2;1"	"id_046"	0	3	NA	0	0.45	2
13	0.609429524555828	2	4	4	32	"2;1"	"id_046"	0	3	NA	0	0.45	2
14	1.02797327842206	2	5	4	37	"2;1"	"id_046"	0	3	NA	0	0.45	2
15	0.732854247104455	2	4	4	41	"2;1"	"id_046"	0	3	NA	0	0.45	2
16	0.611366760459446	1	27	4	68	"2;1"	"id_046"	0	3	NA	0	0.45	2
17	0.871225941263369	1	-3	4	65	"2;1"	"id_046"	0	3	NA	0	0.45	2
18	0.698664902731241	1	9	4	74	"2;1"	"id_046"	0	3	NA	0	0.45	2
19	0.709955689783667	1	-12	4	62	"2;1"	"id_046"	0	3	NA	0	0.45	2
20	0.5	1	17	4	79	"2;1"	"id_046"	0	3	NA	0	0.45	2
21	0.573128796557352	2	2	4	81	"2;1"	"id_046"	0	3	NA	0	0.45	2
22	1.16460367662894	1	-2	4	79	"2;1"	"id_046"	0	3	NA	0	0.45	2
23	0.730965575310186	1	-3	4	76	"2;1"	"id_046"	0	3	NA	0	0.45	2
24	0.5	2	2	4	78	"2;1"	"id_046"	0	3	NA	0	0.45	2
25	0.5	2	1	4	79	"2;1"	"id_046"	0	3	NA	0	0.45	2
1	0.703852520780528	2	8	5	8	"1;2"	"id_046"	0	3	NA	0	0.45	2
2	0.5	2	7	5	15	"1;2"	"id_046"	0	3	NA	0	0.45	2
3	1.04468516814068	2	-11	5	4	"1;2"	"id_046"	0	3	NA	0	0.45	2
4	0.783675467063302	1	-1	5	3	"1;2"	"id_046"	0	3	NA	0	0.45	2
5	0.838029320721745	1	4	5	7	"1;2"	"id_046"	0	3	NA	0	0.45	2
6	0.5	1	-2	5	5	"1;2"	"id_046"	0	3	NA	0	0.45	2
7	1.11731037954201	1	4	5	9	"1;2"	"id_046"	0	3	NA	0	0.45	2
8	0.781914427606529	1	0	5	9	"1;2"	"id_046"	0	3	NA	0	0.45	2
9	0.703131325556784	1	0	5	9	"1;2"	"id_046"	0	3	NA	0	0.45	2
10	1.00241255041477	1	3	5	12	"1;2"	"id_046"	0	3	NA	0	0.45	2
11	0.762828065732468	1	5	5	17	"1;2"	"id_046"	0	3	NA	0	0.45	2
12	0.895274069902967	1	6	5	23	"1;2"	"id_046"	0	3	NA	0	0.45	2
13	0.552317621619054	1	4	5	27	"1;2"	"id_046"	0	3	NA	0	0.45	2
14	0.710884581748666	1	-3	5	24	"1;2"	"id_046"	0	3	NA	0	0.45	2
15	0.743383207270222	1	-1	5	23	"1;2"	"id_046"	0	3	NA	0	0.45	2
16	0.988098160934586	1	-1	5	22	"1;2"	"id_046"	0	3	NA	0	0.45	2
17	1.0386356366437	1	3	5	25	"1;2"	"id_046"	0	3	NA	0	0.45	2
18	0.720085359662276	2	21	5	46	"1;2"	"id_046"	0	3	NA	0	0.45	2
19	0.608684381022866	2	11	5	57	"1;2"	"id_046"	0	3	NA	0	0.45	2
20	1.45394630520351	2	-11	5	46	"1;2"	"id_046"	0	3	NA	0	0.45	2
21	1.31856157370506	1	5	5	51	"1;2"	"id_046"	0	3	NA	0	0.45	2
22	0.538906081764627	1	4	5	55	"1;2"	"id_046"	0	3	NA	0	0.45	2
23	1.01447293825422	1	3	5	58	"1;2"	"id_046"	0	3	NA	0	0.45	2
24	0.916780508895073	1	2	5	60	"1;2"	"id_046"	0	3	NA	0	0.45	2
25	0.5	1	1	5	61	"1;2"	"id_046"	0	3	NA	0	0.45	2
1	0.695343054832643	2	1	6	1	"2;1"	"id_046"	0	3	NA	0	0.45	2
2	0.715017742417556	2	4	6	5	"2;1"	"id_046"	0	3	NA	0	0.45	2
3	0.941332915883942	2	0	6	5	"2;1"	"id_046"	0	3	NA	0	0.45	2
4	1.19841101431877	2	9	6	14	"2;1"	"id_046"	0	3	NA	0	0.45	2
5	0.573669923793345	2	0	6	14	"2;1"	"id_046"	0	3	NA	0	0.45	2
6	0.5	1	12	6	26	"2;1"	"id_046"	0	3	NA	0	0.45	2
7	0.685742495851975	2	-2	6	24	"2;1"	"id_046"	0	3	NA	0	0.45	2
8	0.604012518697824	1	-8	6	16	"2;1"	"id_046"	0	3	NA	0	0.45	2
9	0.775684272567741	1	11	6	27	"2;1"	"id_046"	0	3	NA	0	0.45	2
10	0.664795954623983	2	10	6	37	"2;1"	"id_046"	0	3	NA	0	0.45	2
11	0.632704831301066	1	-9	6	28	"2;1"	"id_046"	0	3	NA	0	0.45	2
12	1.02266728038904	2	3	6	31	"2;1"	"id_046"	0	3	NA	0	0.45	2
13	0.556040152887646	2	0	6	31	"2;1"	"id_046"	0	3	NA	0	0.45	2
14	0.944430657542256	2	2	6	33	"2;1"	"id_046"	0	3	NA	0	0.45	2
15	0.92753387956203	2	4	6	37	"2;1"	"id_046"	0	3	NA	0	0.45	2
16	0.890641816142976	2	3	6	40	"2;1"	"id_046"	0	3	NA	0	0.45	2
17	0.651573445291134	1	8	6	48	"2;1"	"id_046"	0	3	NA	0	0.45	2
18	1.14686103501241	2	2	6	50	"2;1"	"id_046"	0	3	NA	0	0.45	2
19	1.1055210470048	1	-10	6	40	"2;1"	"id_046"	0	3	NA	0	0.45	2
20	1.02229182852552	2	6	6	46	"2;1"	"id_046"	0	3	NA	0	0.45	2
21	0.732769588122737	1	8	6	54	"2;1"	"id_046"	0	3	NA	0	0.45	2
22	0.962305804862757	2	1	6	55	"2;1"	"id_046"	0	3	NA	0	0.45	2
23	0.519798901472809	2	7	6	62	"2;1"	"id_046"	0	3	NA	0	0.45	2
24	1.0818739688998	2	9	6	71	"2;1"	"id_046"	0	3	NA	0	0.45	2
25	0.566344956495003	2	2	6	73	"2;1"	"id_046"	0	3	NA	0	0.45	2
1	0.975505995877742	2	4	7	4	"2;1"	"id_046"	0	3	NA	0	0.45	2
2	0.73129077028088	2	-3	7	1	"2;1"	"id_046"	0	3	NA	0	0.45	2
3	0.888496319087762	1	0	7	1	"2;1"	"id_046"	0	3	NA	0	0.45	2
4	0.77904707261021	1	10	7	11	"2;1"	"id_046"	0	3	NA	0	0.45	2
5	0.856819613084407	1	16	7	27	"2;1"	"id_046"	0	3	NA	0	0.45	2
6	0.5	1	-4	7	23	"2;1"	"id_046"	0	3	NA	0	0.45	2
7	1.00057737629401	1	12	7	35	"2;1"	"id_046"	0	3	NA	0	0.45	2
8	1.25339419381176	1	0	7	35	"2;1"	"id_046"	0	3	NA	0	0.45	2
9	0.758525355665307	1	5	7	40	"2;1"	"id_046"	0	3	NA	0	0.45	2
10	0.721599452160338	1	-12	7	28	"2;1"	"id_046"	0	3	NA	0	0.45	2
11	0.811777085323493	1	12	7	40	"2;1"	"id_046"	0	3	NA	0	0.45	2
12	0.730691000230656	1	-13	7	27	"2;1"	"id_046"	0	3	NA	0	0.45	2
13	0.5	2	2	7	29	"2;1"	"id_046"	0	3	NA	0	0.45	2
14	0.80438504228153	1	6	7	35	"2;1"	"id_046"	0	3	NA	0	0.45	2
15	0.90287678698248	1	8	7	43	"2;1"	"id_046"	0	3	NA	0	0.45	2
16	1.01352335803669	1	17	7	60	"2;1"	"id_046"	0	3	NA	0	0.45	2
17	0.55299881655438	1	1	7	61	"2;1"	"id_046"	0	3	NA	0	0.45	2
18	0.632432227711937	1	12	7	73	"2;1"	"id_046"	0	3	NA	0	0.45	2
19	0.816741481809368	1	9	7	82	"2;1"	"id_046"	0	3	NA	0	0.45	2
20	0.883334227253869	1	13	7	95	"2;1"	"id_046"	0	3	NA	0	0.45	2
21	1.03394830726044	1	11	7	106	"2;1"	"id_046"	0	3	NA	0	0.45	2
22	0.645777533334339	1	7	7	113	"2;1"	"id_046"	0	3	NA	0	0.45	2
23	0.893215422405869	1	-3	7	110	"2;1"	"id_046"	0	3	NA	0	0.45	2
24	0.824871138532235	1	-3	7	107	"2;1"	"id_046"	0	3	NA	0	0.45	2
25	1.06560815766535	1	-10	7	97	"2;1"	"id_046"	0	3	NA	0	0.45	2
1	0.793293111867083	1	5	8	5	"2;1"	"id_046"	0	3	NA	0	0.45	2
2	0.849570580321615	1	-9	8	-4	"2;1"	"id_046"	0	3	NA	0	0.45	2
3	0.840028476050432	2	1	8	-3	"2;1"	"id_046"	0	3	NA	0	0.45	2
4	0.5	2	1	8	-2	"2;1"	"id_046"	0	3	NA	0	0.45	2
5	0.662426546846304	1	3	8	1	"2;1"	"id_046"	0	3	NA	0	0.45	2
6	0.844268519238398	2	4	8	5	"2;1"	"id_046"	0	3	NA	0	0.45	2
7	0.887884849351546	2	-2	8	3	"2;1"	"id_046"	0	3	NA	0	0.45	2
8	1.11233666556385	2	5	8	8	"2;1"	"id_046"	0	3	NA	0	0.45	2
9	1.10984206886366	2	-2	8	6	"2;1"	"id_046"	0	3	NA	0	0.45	2
10	0.705033400014738	1	10	8	16	"2;1"	"id_046"	0	3	NA	0	0.45	2
11	0.5	2	4	8	20	"2;1"	"id_046"	0	3	NA	0	0.45	2
12	0.863622534273845	1	-12	8	8	"2;1"	"id_046"	0	3	NA	0	0.45	2
13	0.924855744163649	2	-1	8	7	"2;1"	"id_046"	0	3	NA	0	0.45	2
14	0.953315059291069	2	5	8	12	"2;1"	"id_046"	0	3	NA	0	0.45	2
15	1.02018181403888	1	13	8	25	"2;1"	"id_046"	0	3	NA	0	0.45	2
16	0.937837721979372	2	2	8	27	"2;1"	"id_046"	0	3	NA	0	0.45	2
17	0.790427802479245	1	10	8	37	"2;1"	"id_046"	0	3	NA	0	0.45	2
18	1.19328032049527	1	-2	8	35	"2;1"	"id_046"	0	3	NA	0	0.45	2
19	0.578307624330753	2	-2	8	33	"2;1"	"id_046"	0	3	NA	0	0.45	2
20	1.21400300233696	1	1	8	34	"2;1"	"id_046"	0	3	NA	0	0.45	2
21	0.503468826045136	1	8	8	42	"2;1"	"id_046"	0	3	NA	0	0.45	2
22	0.860744666205666	1	7	8	49	"2;1"	"id_046"	0	3	NA	0	0.45	2
23	0.570657377043781	1	19	8	68	"2;1"	"id_046"	0	3	NA	0	0.45	2
24	0.832553390307225	1	-12	8	56	"2;1"	"id_046"	0	3	NA	0	0.45	2
25	0.543455731597996	2	7	8	63	"2;1"	"id_046"	0	3	NA	0	0.45	2
1	1.0091146117623	1	0	9	0	"1;2"	"id_046"	0	3	NA	0	0.45	2
2	1.04783073790883	2	0	9	0	"1;2"	"id_046"	0	3	NA	0	0.45	2
3	0.761525233061334	2	2	9	2	"1;2"	"id_046"	0	3	NA	0	0.45	2
4	0.820000553453207	2	-4	9	-2	"1;2"	"id_046"	0	3	NA	0	0.45	2
5	0.940152935077	1	4	9	2	"1;2"	"id_046"	0	3	NA	0	0.45	2
6	0.715649774263506	1	0	9	2	"1;2"	"id_046"	0	3	NA	0	0.45	2
7	0.813744947410564	1	5	9	7	"1;2"	"id_046"	0	3	NA	0	0.45	2
8	0.5	1	-1	9	6	"1;2"	"id_046"	0	3	NA	0	0.45	2
9	0.683413904906671	1	-1	9	5	"1;2"	"id_046"	0	3	NA	0	0.45	2
10	0.597577487024378	1	3	9	8	"1;2"	"id_046"	0	3	NA	0	0.45	2
11	0.84554924543984	1	4	9	12	"1;2"	"id_046"	0	3	NA	0	0.45	2
12	0.724443892398262	1	2	9	14	"1;2"	"id_046"	0	3	NA	0	0.45	2
13	0.896968085168447	1	3	9	17	"1;2"	"id_046"	0	3	NA	0	0.45	2
14	0.754974580926087	1	3	9	20	"1;2"	"id_046"	0	3	NA	0	0.45	2
15	0.796277538658173	1	6	9	26	"1;2"	"id_046"	0	3	NA	0	0.45	2
16	0.514272336563581	1	9	9	35	"1;2"	"id_046"	0	3	NA	0	0.45	2
17	0.705436604774096	1	2	9	37	"1;2"	"id_046"	0	3	NA	0	0.45	2
18	0.90570856783961	1	1	9	38	"1;2"	"id_046"	0	3	NA	0	0.45	2
19	0.64168009927311	1	4	9	42	"1;2"	"id_046"	0	3	NA	0	0.45	2
20	0.909694105883781	1	-3	9	39	"1;2"	"id_046"	0	3	NA	0	0.45	2
21	0.626077143492672	1	1	9	40	"1;2"	"id_046"	0	3	NA	0	0.45	2
22	0.910671991496993	1	2	9	42	"1;2"	"id_046"	0	3	NA	0	0.45	2
23	1.0180208289026	1	1	9	43	"1;2"	"id_046"	0	3	NA	0	0.45	2
24	0.5	1	-1	9	42	"1;2"	"id_046"	0	3	NA	0	0.45	2
25	1.02092964686751	1	1	9	43	"1;2"	"id_046"	0	3	NA	0	0.45	2
1	0.930811893144962	2	2	10	2	"2;1"	"id_046"	0	3	NA	0	0.45	2
2	0.842823065281135	1	-3	10	-1	"2;1"	"id_046"	0	3	NA	0	0.45	2
3	0.5	2	6	10	5	"2;1"	"id_046"	0	3	NA	0	0.45	2
4	0.782669730586638	2	4	10	9	"2;1"	"id_046"	0	3	NA	0	0.45	2
5	0.927361870021828	1	6	10	15	"2;1"	"id_046"	0	3	NA	0	0.45	2
6	0.744466747477089	2	-2	10	13	"2;1"	"id_046"	0	3	NA	0	0.45	2
7	0.850283813702712	1	-5	10	8	"2;1"	"id_046"	0	3	NA	0	0.45	2
8	0.812414628791111	2	2	10	10	"2;1"	"id_046"	0	3	NA	0	0.45	2
9	1.23172920536603	2	-2	10	8	"2;1"	"id_046"	0	3	NA	0	0.45	2
10	0.89644666275141	2	2	10	10	"2;1"	"id_046"	0	3	NA	0	0.45	2
11	0.68857912480946	2	6	10	16	"2;1"	"id_046"	0	3	NA	0	0.45	2
12	0.613050292678121	2	7	10	23	"2;1"	"id_046"	0	3	NA	0	0.45	2
13	0.550564950919068	2	5	10	28	"2;1"	"id_046"	0	3	NA	0	0.45	2
14	0.573924425003191	2	-6	10	22	"2;1"	"id_046"	0	3	NA	0	0.45	2
15	1.00707283904756	2	1	10	23	"2;1"	"id_046"	0	3	NA	0	0.45	2
16	0.784888153382384	2	-1	10	22	"2;1"	"id_046"	0	3	NA	0	0.45	2
17	0.731782518256678	2	8	10	30	"2;1"	"id_046"	0	3	NA	0	0.45	2
18	1.05769787524668	2	4	10	34	"2;1"	"id_046"	0	3	NA	0	0.45	2
19	0.662712597766587	2	1	10	35	"2;1"	"id_046"	0	3	NA	0	0.45	2
20	0.800418682901344	2	7	10	42	"2;1"	"id_046"	0	3	NA	0	0.45	2
21	0.5	2	3	10	45	"2;1"	"id_046"	0	3	NA	0	0.45	2
22	0.74332596007063	2	5	10	50	"2;1"	"id_046"	0	3	NA	0	0.45	2
23	0.769717811964343	2	9	10	59	"2;1"	"id_046"	0	3	NA	0	0.45	2
24	0.867205991040017	2	-9	10	50	"2;1"	"id_046"	0	3	NA	0	0.45	2
25	0.874933782383489	2	3	10	53	"2;1"	"id_046"	0	3	NA	0	0.45	2
1	0.912597387402521	2	-4	11	-4	"2;1"	"id_046"	0	3	NA	0	0.45	2
2	0.780432840820138	1	-1	11	-5	"2;1"	"id_046"	0	3	NA	0	0.45	2
3	0.633800457725662	2	0	11	-5	"2;1"	"id_046"	0	3	NA	0	0.45	2
4	0.5	1	21	11	16	"2;1"	"id_046"	0	3	NA	0	0.45	2
5	1.07407939237456	1	-27	11	-11	"2;1"	"id_046"	0	3	NA	0	0.45	2
6	0.967146402391251	2	5	11	-6	"2;1"	"id_046"	0	3	NA	0	0.45	2
7	0.695304041279892	2	2	11	-4	"2;1"	"id_046"	0	3	NA	0	0.45	2
8	0.580563247287841	2	4	11	0	"2;1"	"id_046"	0	3	NA	0	0.45	2
9	1.01219016236754	2	4	11	4	"2;1"	"id_046"	0	3	NA	0	0.45	2
10	1.08776158294875	2	-2	11	2	"2;1"	"id_046"	0	3	NA	0	0.45	2
11	1.18761762201411	2	4	11	6	"2;1"	"id_046"	0	3	NA	0	0.45	2
12	1.13707935875092	2	3	11	9	"2;1"	"id_046"	0	3	NA	0	0.45	2
13	0.5	2	3	11	12	"2;1"	"id_046"	0	3	NA	0	0.45	2
14	0.98048033651436	2	9	11	21	"2;1"	"id_046"	0	3	NA	0	0.45	2
15	1.09426088755406	2	1	11	22	"2;1"	"id_046"	0	3	NA	0	0.45	2
16	0.763754158005951	2	2	11	24	"2;1"	"id_046"	0	3	NA	0	0.45	2
17	0.82118319647313	2	5	11	29	"2;1"	"id_046"	0	3	NA	0	0.45	2
18	0.570424829726854	2	4	11	33	"2;1"	"id_046"	0	3	NA	0	0.45	2
19	0.5	2	4	11	37	"2;1"	"id_046"	0	3	NA	0	0.45	2
20	0.5	2	1	11	38	"2;1"	"id_046"	0	3	NA	0	0.45	2
21	0.629691874427093	2	1	11	39	"2;1"	"id_046"	0	3	NA	0	0.45	2
22	0.5	2	2	11	41	"2;1"	"id_046"	0	3	NA	0	0.45	2
23	0.527046357032508	2	0	11	41	"2;1"	"id_046"	0	3	NA	0	0.45	2
24	1.4038067618643	1	-16	11	25	"2;1"	"id_046"	0	3	NA	0	0.45	2
25	1.04448357830007	2	4	11	29	"2;1"	"id_046"	0	3	NA	0	0.45	2
