"trial"	"time"	"selection"	"outcome"	"game"	"points.cum"	"option.order"	"workerid"	"goal"	"condition"
1	0	1	3	1	3	"2;3;1"	"id_013"	135	3
2	1.99	2	5	1	8	"2;3;1"	"id_013"	135	3
3	1.345	3	4	1	12	"2;3;1"	"id_013"	135	3
4	1.213	2	4	1	16	"2;3;1"	"id_013"	135	3
5	0.931	2	6	1	22	"2;3;1"	"id_013"	135	3
6	1.004	2	3	1	25	"2;3;1"	"id_013"	135	3
7	1.212	1	2	1	27	"2;3;1"	"id_013"	135	3
8	1.134	3	4	1	31	"2;3;1"	"id_013"	135	3
9	1.18	3	4	1	35	"2;3;1"	"id_013"	135	3
10	1.129	3	6	1	41	"2;3;1"	"id_013"	135	3
11	1.11	3	2	1	43	"2;3;1"	"id_013"	135	3
12	0.168	3	-1	1	42	"2;3;1"	"id_013"	135	3
13	1.071	2	6	1	48	"2;3;1"	"id_013"	135	3
14	0.763	2	4	1	52	"2;3;1"	"id_013"	135	3
15	0.72	2	4	1	56	"2;3;1"	"id_013"	135	3
16	0.786	2	3	1	59	"2;3;1"	"id_013"	135	3
17	0.715	2	5	1	64	"2;3;1"	"id_013"	135	3
18	0.846	2	2	1	66	"2;3;1"	"id_013"	135	3
19	0.666	2	0	1	66	"2;3;1"	"id_013"	135	3
20	0.94	2	1	1	67	"2;3;1"	"id_013"	135	3
0	-123.541	0	0	2	0	"2;3;1"	"id_013"	135	3
1	150.24	1	1	2	1	"1;2;3"	"id_013"	135	3
2	1.001	2	4	2	5	"1;2;3"	"id_013"	135	3
3	0.862	3	6	2	11	"1;2;3"	"id_013"	135	3
4	0.936	3	0	2	11	"1;2;3"	"id_013"	135	3
5	1	3	-1	2	10	"1;2;3"	"id_013"	135	3
6	0.911	2	-2	2	8	"1;2;3"	"id_013"	135	3
7	0.902	2	1	2	9	"1;2;3"	"id_013"	135	3
8	0.94	2	0	2	9	"1;2;3"	"id_013"	135	3
9	0.972	1	5	2	14	"1;2;3"	"id_013"	135	3
10	0.864	1	3	2	17	"1;2;3"	"id_013"	135	3
11	0.768	1	3	2	20	"1;2;3"	"id_013"	135	3
12	0.823	1	7	2	27	"1;2;3"	"id_013"	135	3
13	0.688	1	2	2	29	"1;2;3"	"id_013"	135	3
14	0.71	1	0	2	29	"1;2;3"	"id_013"	135	3
15	0.755	1	3	2	32	"1;2;3"	"id_013"	135	3
16	0.631	1	5	2	37	"1;2;3"	"id_013"	135	3
17	0.624	1	2	2	39	"1;2;3"	"id_013"	135	3
18	0.583	1	6	2	45	"1;2;3"	"id_013"	135	3
19	0.591	1	3	2	48	"1;2;3"	"id_013"	135	3
20	0.536	1	4	2	52	"1;2;3"	"id_013"	135	3
21	0.514	1	4	2	56	"1;2;3"	"id_013"	135	3
22	0.608	1	3	2	59	"1;2;3"	"id_013"	135	3
23	0.56	1	3	2	62	"1;2;3"	"id_013"	135	3
24	0.569	1	6	2	68	"1;2;3"	"id_013"	135	3
25	0.591	1	4	2	72	"1;2;3"	"id_013"	135	3
26	0.568	1	4	2	76	"1;2;3"	"id_013"	135	3
27	0.67	1	5	2	81	"1;2;3"	"id_013"	135	3
28	0.643	1	5	2	86	"1;2;3"	"id_013"	135	3
29	0.574	1	4	2	90	"1;2;3"	"id_013"	135	3
30	0.52	1	2	2	92	"1;2;3"	"id_013"	135	3
31	0.464	1	3	2	95	"1;2;3"	"id_013"	135	3
32	0.398	1	3	2	98	"1;2;3"	"id_013"	135	3
33	0.245	1	1	2	99	"1;2;3"	"id_013"	135	3
34	0.215	1	6	2	105	"1;2;3"	"id_013"	135	3
35	0.215	1	6	2	111	"1;2;3"	"id_013"	135	3
36	0.22	1	5	2	116	"1;2;3"	"id_013"	135	3
37	0.19	1	4	2	120	"1;2;3"	"id_013"	135	3
38	0.808	1	2	2	122	"1;2;3"	"id_013"	135	3
39	0.367	1	4	2	126	"1;2;3"	"id_013"	135	3
40	3.824	1	3	2	129	"1;2;3"	"id_013"	135	3
41	0.094	1	4	2	133	"1;2;3"	"id_013"	135	3
42	0.097	1	6	2	139	"1;2;3"	"id_013"	135	3
43	0.096	1	2	2	141	"1;2;3"	"id_013"	135	3
44	0.091	1	5	2	146	"1;2;3"	"id_013"	135	3
45	0.213	1	4	2	150	"1;2;3"	"id_013"	135	3
46	0.561	1	6	2	156	"1;2;3"	"id_013"	135	3
47	0.795	1	2	2	158	"1;2;3"	"id_013"	135	3
48	0.633	1	3	2	161	"1;2;3"	"id_013"	135	3
49	1.63	1	6	2	167	"1;2;3"	"id_013"	135	3
50	0.467	1	4	2	171	"1;2;3"	"id_013"	135	3
0	-182.777	0	0	3	0	"1;2;3"	"id_013"	135	3
1	192.485	1	2	3	2	"2;1;3"	"id_013"	135	3
2	0.808	2	2	3	4	"2;1;3"	"id_013"	135	3
3	0.775	3	7	3	11	"2;1;3"	"id_013"	135	3
4	19.749	2	0	3	11	"2;1;3"	"id_013"	135	3
5	0.089	2	0	3	11	"2;1;3"	"id_013"	135	3
6	0.097	1	-1	3	10	"2;1;3"	"id_013"	135	3
7	0.09	1	6	3	16	"2;1;3"	"id_013"	135	3
8	0.091	1	2	3	18	"2;1;3"	"id_013"	135	3
9	0.097	3	-2	3	16	"2;1;3"	"id_013"	135	3
10	0.091	1	0	3	16	"2;1;3"	"id_013"	135	3
11	0.098	1	5	3	21	"2;1;3"	"id_013"	135	3
12	0.099	1	-1	3	20	"2;1;3"	"id_013"	135	3
13	0.094	1	5	3	25	"2;1;3"	"id_013"	135	3
14	0.097	1	1	3	26	"2;1;3"	"id_013"	135	3
15	0.095	1	1	3	27	"2;1;3"	"id_013"	135	3
16	0.102	1	6	3	33	"2;1;3"	"id_013"	135	3
17	0.099	1	7	3	40	"2;1;3"	"id_013"	135	3
18	0.3	2	2	3	42	"2;1;3"	"id_013"	135	3
19	1.208	3	-3	3	39	"2;1;3"	"id_013"	135	3
20	1.184	2	2	3	41	"2;1;3"	"id_013"	135	3
21	0.873	1	5	3	46	"2;1;3"	"id_013"	135	3
22	1.993	1	-2	3	44	"2;1;3"	"id_013"	135	3
23	1.162	2	3	3	47	"2;1;3"	"id_013"	135	3
24	0.838	2	-2	3	45	"2;1;3"	"id_013"	135	3
25	1.146	3	0	3	45	"2;1;3"	"id_013"	135	3
26	0.358	3	7	3	52	"2;1;3"	"id_013"	135	3
27	0.337	3	12	3	64	"2;1;3"	"id_013"	135	3
28	0.408	3	5	3	69	"2;1;3"	"id_013"	135	3
29	0.383	3	4	3	73	"2;1;3"	"id_013"	135	3
30	0.333	3	0	3	73	"2;1;3"	"id_013"	135	3
31	0.179	3	6	3	79	"2;1;3"	"id_013"	135	3
32	0.217	3	4	3	83	"2;1;3"	"id_013"	135	3
33	0.182	3	-1	3	82	"2;1;3"	"id_013"	135	3
34	0.299	3	8	3	90	"2;1;3"	"id_013"	135	3
35	0.159	3	3	3	93	"2;1;3"	"id_013"	135	3
36	0.19	3	-5	3	88	"2;1;3"	"id_013"	135	3
37	0.195	3	9	3	97	"2;1;3"	"id_013"	135	3
38	0.306	3	0	3	97	"2;1;3"	"id_013"	135	3
39	0.116	3	1	3	98	"2;1;3"	"id_013"	135	3
40	0.269	3	-1	3	97	"2;1;3"	"id_013"	135	3
41	0.109	3	0	3	97	"2;1;3"	"id_013"	135	3
42	0.096	3	3	3	100	"2;1;3"	"id_013"	135	3
43	0.163	3	2	3	102	"2;1;3"	"id_013"	135	3
44	0.201	3	-3	3	99	"2;1;3"	"id_013"	135	3
45	1.561	3	3	3	102	"2;1;3"	"id_013"	135	3
46	0.65	3	-3	3	99	"2;1;3"	"id_013"	135	3
47	0.796	3	0	3	99	"2;1;3"	"id_013"	135	3
48	0.637	3	-1	3	98	"2;1;3"	"id_013"	135	3
49	0.688	3	10	3	108	"2;1;3"	"id_013"	135	3
50	1.375	3	6	3	114	"2;1;3"	"id_013"	135	3
0	-233.967	0	0	4	0	"2;1;3"	"id_013"	135	3
1	240.887	1	-1	4	-1	"1;3;2"	"id_013"	135	3
2	1.308	2	1	4	0	"1;3;2"	"id_013"	135	3
3	1.135	3	5	4	5	"1;3;2"	"id_013"	135	3
4	1.362	3	3	4	8	"1;3;2"	"id_013"	135	3
5	1.087	3	3	4	11	"1;3;2"	"id_013"	135	3
6	1.15	3	4	4	15	"1;3;2"	"id_013"	135	3
7	1.059	3	1	4	16	"1;3;2"	"id_013"	135	3
8	0.963	3	2	4	18	"1;3;2"	"id_013"	135	3
9	0.844	3	3	4	21	"1;3;2"	"id_013"	135	3
10	0.752	3	2	4	23	"1;3;2"	"id_013"	135	3
11	0.75	3	8	4	31	"1;3;2"	"id_013"	135	3
12	0.873	3	-1	4	30	"1;3;2"	"id_013"	135	3
13	1.032	3	1	4	31	"1;3;2"	"id_013"	135	3
14	0.947	3	-3	4	28	"1;3;2"	"id_013"	135	3
15	0.846	3	1	4	29	"1;3;2"	"id_013"	135	3
16	0.741	3	4	4	33	"1;3;2"	"id_013"	135	3
17	0.716	3	2	4	35	"1;3;2"	"id_013"	135	3
18	4.234	3	4	4	39	"1;3;2"	"id_013"	135	3
19	0.1	2	12	4	51	"1;3;2"	"id_013"	135	3
20	3.04	2	3	4	54	"1;3;2"	"id_013"	135	3
21	0.96	2	2	4	56	"1;3;2"	"id_013"	135	3
22	0.734	2	12	4	68	"1;3;2"	"id_013"	135	3
23	0.801	2	6	4	74	"1;3;2"	"id_013"	135	3
24	0.726	2	-6	4	68	"1;3;2"	"id_013"	135	3
25	0.932	2	0	4	68	"1;3;2"	"id_013"	135	3
26	0.765	2	-7	4	61	"1;3;2"	"id_013"	135	3
27	0.74	2	6	4	67	"1;3;2"	"id_013"	135	3
28	0.817	2	0	4	67	"1;3;2"	"id_013"	135	3
29	1.132	1	2	4	69	"1;3;2"	"id_013"	135	3
30	0.855	1	10	4	79	"1;3;2"	"id_013"	135	3
31	0.699	1	4	4	83	"1;3;2"	"id_013"	135	3
32	0.751	1	3	4	86	"1;3;2"	"id_013"	135	3
33	0.664	1	8	4	94	"1;3;2"	"id_013"	135	3
34	0.725	1	1	4	95	"1;3;2"	"id_013"	135	3
35	0.77	1	4	4	99	"1;3;2"	"id_013"	135	3
36	0.903	1	4	4	103	"1;3;2"	"id_013"	135	3
37	1.02	1	5	4	108	"1;3;2"	"id_013"	135	3
38	0.658	1	3	4	111	"1;3;2"	"id_013"	135	3
39	0.974	1	4	4	115	"1;3;2"	"id_013"	135	3
40	0.705	1	3	4	118	"1;3;2"	"id_013"	135	3
41	0.8	1	7	4	125	"1;3;2"	"id_013"	135	3
42	0.686	1	4	4	129	"1;3;2"	"id_013"	135	3
43	0.65	1	4	4	133	"1;3;2"	"id_013"	135	3
44	0.699	1	3	4	136	"1;3;2"	"id_013"	135	3
45	0.547	1	7	4	143	"1;3;2"	"id_013"	135	3
46	0.463	1	1	4	144	"1;3;2"	"id_013"	135	3
47	0.482	1	3	4	147	"1;3;2"	"id_013"	135	3
48	0.426	1	5	4	152	"1;3;2"	"id_013"	135	3
49	0.444	1	2	4	154	"1;3;2"	"id_013"	135	3
50	0.407	1	3	4	157	"1;3;2"	"id_013"	135	3
0	-285.761	0	0	5	0	"1;3;2"	"id_013"	135	3
1	292.133	1	3	5	3	"1;2;3"	"id_013"	135	3
2	0.843	1	2	5	5	"1;2;3"	"id_013"	135	3
3	0.731	1	-1	5	4	"1;2;3"	"id_013"	135	3
4	0.976	1	3	5	7	"1;2;3"	"id_013"	135	3
5	1.562	2	5	5	12	"1;2;3"	"id_013"	135	3
6	0.612	2	3	5	15	"1;2;3"	"id_013"	135	3
7	0.662	2	-2	5	13	"1;2;3"	"id_013"	135	3
8	1.403	3	-6	5	7	"1;2;3"	"id_013"	135	3
9	0.68	3	-2	5	5	"1;2;3"	"id_013"	135	3
10	1.102	1	6	5	11	"1;2;3"	"id_013"	135	3
11	0.726	1	3	5	14	"1;2;3"	"id_013"	135	3
12	0.645	1	5	5	19	"1;2;3"	"id_013"	135	3
13	0.654	1	4	5	23	"1;2;3"	"id_013"	135	3
14	0.672	1	4	5	27	"1;2;3"	"id_013"	135	3
15	0.72	1	4	5	31	"1;2;3"	"id_013"	135	3
16	0.261	1	2	5	33	"1;2;3"	"id_013"	135	3
17	0.252	1	6	5	39	"1;2;3"	"id_013"	135	3
18	0.207	1	2	5	41	"1;2;3"	"id_013"	135	3
19	0.293	1	1	5	42	"1;2;3"	"id_013"	135	3
20	0.165	1	3	5	45	"1;2;3"	"id_013"	135	3
21	0.255	1	4	5	49	"1;2;3"	"id_013"	135	3
22	0.169	1	1	5	50	"1;2;3"	"id_013"	135	3
23	0.251	1	-1	5	49	"1;2;3"	"id_013"	135	3
24	0.16	1	2	5	51	"1;2;3"	"id_013"	135	3
25	0.199	1	1	5	52	"1;2;3"	"id_013"	135	3
26	0.423	1	0	5	52	"1;2;3"	"id_013"	135	3
27	0.228	1	3	5	55	"1;2;3"	"id_013"	135	3
28	0.156	1	3	5	58	"1;2;3"	"id_013"	135	3
29	0.2	1	4	5	62	"1;2;3"	"id_013"	135	3
30	0.259	1	4	5	66	"1;2;3"	"id_013"	135	3
31	0.157	1	6	5	72	"1;2;3"	"id_013"	135	3
32	0.257	1	4	5	76	"1;2;3"	"id_013"	135	3
33	0.156	1	3	5	79	"1;2;3"	"id_013"	135	3
34	0.186	1	3	5	82	"1;2;3"	"id_013"	135	3
35	0.207	1	7	5	89	"1;2;3"	"id_013"	135	3
36	0.221	1	3	5	92	"1;2;3"	"id_013"	135	3
37	0.235	1	4	5	96	"1;2;3"	"id_013"	135	3
38	0.227	1	1	5	97	"1;2;3"	"id_013"	135	3
39	0.235	1	3	5	100	"1;2;3"	"id_013"	135	3
40	0.281	1	6	5	106	"1;2;3"	"id_013"	135	3
41	0.217	1	3	5	109	"1;2;3"	"id_013"	135	3
42	0.149	1	6	5	115	"1;2;3"	"id_013"	135	3
43	0.349	1	-1	5	114	"1;2;3"	"id_013"	135	3
44	0.103	1	0	5	114	"1;2;3"	"id_013"	135	3
45	0.24	1	6	5	120	"1;2;3"	"id_013"	135	3
46	0.289	1	5	5	125	"1;2;3"	"id_013"	135	3
47	0.146	1	0	5	125	"1;2;3"	"id_013"	135	3
48	0.209	1	4	5	129	"1;2;3"	"id_013"	135	3
49	0.204	1	4	5	133	"1;2;3"	"id_013"	135	3
50	0.232	1	7	5	140	"1;2;3"	"id_013"	135	3
0	-311.899	0	0	6	0	"1;2;3"	"id_013"	135	3
1	318.589	2	4	6	4	"1;2;3"	"id_013"	135	3
2	0.571	2	4	6	8	"1;2;3"	"id_013"	135	3
3	0.649	2	1	6	9	"1;2;3"	"id_013"	135	3
4	0.65	2	1	6	10	"1;2;3"	"id_013"	135	3
5	0.648	2	4	6	14	"1;2;3"	"id_013"	135	3
6	0.664	2	-2	6	12	"1;2;3"	"id_013"	135	3
7	0.875	2	1	6	13	"1;2;3"	"id_013"	135	3
8	0.747	2	3	6	16	"1;2;3"	"id_013"	135	3
9	23.527	2	1	6	17	"1;2;3"	"id_013"	135	3
10	0.099	2	-1	6	16	"1;2;3"	"id_013"	135	3
11	0.093	2	2	6	18	"1;2;3"	"id_013"	135	3
12	4.788	2	4	6	22	"1;2;3"	"id_013"	135	3
13	0.868	3	3	6	25	"1;2;3"	"id_013"	135	3
14	0.628	3	4	6	29	"1;2;3"	"id_013"	135	3
15	0.649	3	5	6	34	"1;2;3"	"id_013"	135	3
16	0.672	3	-6	6	28	"1;2;3"	"id_013"	135	3
17	0.852	3	7	6	35	"1;2;3"	"id_013"	135	3
18	0.696	3	0	6	35	"1;2;3"	"id_013"	135	3
19	0.933	3	-7	6	28	"1;2;3"	"id_013"	135	3
20	1.042	1	3	6	31	"1;2;3"	"id_013"	135	3
21	0.856	1	2	6	33	"1;2;3"	"id_013"	135	3
22	0.691	1	4	6	37	"1;2;3"	"id_013"	135	3
23	0.672	1	2	6	39	"1;2;3"	"id_013"	135	3
24	0.635	1	3	6	42	"1;2;3"	"id_013"	135	3
25	0.654	1	0	6	42	"1;2;3"	"id_013"	135	3
26	0.882	1	4	6	46	"1;2;3"	"id_013"	135	3
27	0.715	1	2	6	48	"1;2;3"	"id_013"	135	3
28	0.905	1	2	6	50	"1;2;3"	"id_013"	135	3
29	0.728	1	0	6	50	"1;2;3"	"id_013"	135	3
30	1.014	1	4	6	54	"1;2;3"	"id_013"	135	3
31	0.61	1	3	6	57	"1;2;3"	"id_013"	135	3
32	0.317	1	4	6	61	"1;2;3"	"id_013"	135	3
33	0.236	1	1	6	62	"1;2;3"	"id_013"	135	3
34	0.25	1	0	6	62	"1;2;3"	"id_013"	135	3
35	0.188	1	2	6	64	"1;2;3"	"id_013"	135	3
36	0.21	1	5	6	69	"1;2;3"	"id_013"	135	3
37	0.227	1	4	6	73	"1;2;3"	"id_013"	135	3
38	0.385	1	2	6	75	"1;2;3"	"id_013"	135	3
39	0.098	1	2	6	77	"1;2;3"	"id_013"	135	3
40	0.125	1	3	6	80	"1;2;3"	"id_013"	135	3
41	0.191	1	3	6	83	"1;2;3"	"id_013"	135	3
42	0.201	1	4	6	87	"1;2;3"	"id_013"	135	3
43	0.153	1	3	6	90	"1;2;3"	"id_013"	135	3
44	0.245	1	3	6	93	"1;2;3"	"id_013"	135	3
45	0.103	1	3	6	96	"1;2;3"	"id_013"	135	3
46	0.153	1	3	6	99	"1;2;3"	"id_013"	135	3
47	0.215	1	0	6	99	"1;2;3"	"id_013"	135	3
48	0.222	1	0	6	99	"1;2;3"	"id_013"	135	3
49	0.167	1	4	6	103	"1;2;3"	"id_013"	135	3
50	0.169	1	6	6	109	"1;2;3"	"id_013"	135	3
0	-370.457	0	0	7	0	"1;2;3"	"id_013"	135	3
