"trial"	"time"	"selection"	"outcome"	"game"	"points.cum"	"option.order"	"workerid"	"goal"	"condition"
1	0	1	4	1	4	"3;2;1"	"id_040"	0	1
2	1.169	2	1	1	5	"3;2;1"	"id_040"	0	1
3	0.98	3	5	1	10	"3;2;1"	"id_040"	0	1
4	1.469	1	5	1	15	"3;2;1"	"id_040"	0	1
5	1.139	2	6	1	21	"3;2;1"	"id_040"	0	1
6	1.58	3	2	1	23	"3;2;1"	"id_040"	0	1
7	1.482	1	4	1	27	"3;2;1"	"id_040"	0	1
8	0.95	2	2	1	29	"3;2;1"	"id_040"	0	1
9	1.397	3	-1	1	28	"3;2;1"	"id_040"	0	1
10	1.895	1	1	1	29	"3;2;1"	"id_040"	0	1
11	0.864	2	4	1	33	"3;2;1"	"id_040"	0	1
12	0.85	3	5	1	38	"3;2;1"	"id_040"	0	1
13	2.694	2	1	1	39	"3;2;1"	"id_040"	0	1
14	1.477	1	4	1	43	"3;2;1"	"id_040"	0	1
15	2.253	3	3	1	46	"3;2;1"	"id_040"	0	1
16	1.148	2	4	1	50	"3;2;1"	"id_040"	0	1
17	1.064	1	5	1	55	"3;2;1"	"id_040"	0	1
18	1.191	2	2	1	57	"3;2;1"	"id_040"	0	1
19	0.65	3	3	1	60	"3;2;1"	"id_040"	0	1
20	0.806	2	5	1	65	"3;2;1"	"id_040"	0	1
0	-158.288	0	0	2	0	"3;2;1"	"id_040"	0	1
1	174.364	1	-2	2	-2	"2;3;1"	"id_040"	0	1
2	1.035	2	6	2	4	"2;3;1"	"id_040"	0	1
3	1.084	3	2	2	6	"2;3;1"	"id_040"	0	1
4	1.478	1	0	2	6	"2;3;1"	"id_040"	0	1
5	1.187	2	10	2	16	"2;3;1"	"id_040"	0	1
6	0.889	3	0	2	16	"2;3;1"	"id_040"	0	1
7	0.999	2	-2	2	14	"2;3;1"	"id_040"	0	1
8	1.022	2	7	2	21	"2;3;1"	"id_040"	0	1
9	0.92	2	3	2	24	"2;3;1"	"id_040"	0	1
10	0.915	2	3	2	27	"2;3;1"	"id_040"	0	1
11	1.176	2	-1	2	26	"2;3;1"	"id_040"	0	1
12	1.033	2	0	2	26	"2;3;1"	"id_040"	0	1
13	0.966	2	3	2	29	"2;3;1"	"id_040"	0	1
14	1.226	1	5	2	34	"2;3;1"	"id_040"	0	1
15	1.045	3	4	2	38	"2;3;1"	"id_040"	0	1
16	1.105	1	2	2	40	"2;3;1"	"id_040"	0	1
17	1.034	3	0	2	40	"2;3;1"	"id_040"	0	1
18	0.998	2	5	2	45	"2;3;1"	"id_040"	0	1
19	1.056	1	4	2	49	"2;3;1"	"id_040"	0	1
20	1.062	2	-2	2	47	"2;3;1"	"id_040"	0	1
21	0.97	1	6	2	53	"2;3;1"	"id_040"	0	1
22	1.006	3	1	2	54	"2;3;1"	"id_040"	0	1
23	1	1	4	2	58	"2;3;1"	"id_040"	0	1
24	1.09	1	1	2	59	"2;3;1"	"id_040"	0	1
25	1.259	1	2	2	61	"2;3;1"	"id_040"	0	1
26	1.085	1	1	2	62	"2;3;1"	"id_040"	0	1
27	1.021	1	3	2	65	"2;3;1"	"id_040"	0	1
28	1.078	2	4	2	69	"2;3;1"	"id_040"	0	1
29	0.95	3	8	2	77	"2;3;1"	"id_040"	0	1
30	0.998	2	-6	2	71	"2;3;1"	"id_040"	0	1
31	1.018	1	-1	2	70	"2;3;1"	"id_040"	0	1
32	1.32	3	2	2	72	"2;3;1"	"id_040"	0	1
33	1.032	2	2	2	74	"2;3;1"	"id_040"	0	1
34	1.073	1	1	2	75	"2;3;1"	"id_040"	0	1
35	1.957	3	6	2	81	"2;3;1"	"id_040"	0	1
36	1.06	2	-4	2	77	"2;3;1"	"id_040"	0	1
37	1.171	1	-3	2	74	"2;3;1"	"id_040"	0	1
38	40.455	2	-1	2	73	"2;3;1"	"id_040"	0	1
39	1.851	3	5	2	78	"2;3;1"	"id_040"	0	1
40	2.287	2	3	2	81	"2;3;1"	"id_040"	0	1
41	2.393	1	3	2	84	"2;3;1"	"id_040"	0	1
42	1.274	3	1	2	85	"2;3;1"	"id_040"	0	1
43	1.118	2	-5	2	80	"2;3;1"	"id_040"	0	1
44	1.299	1	-2	2	78	"2;3;1"	"id_040"	0	1
45	1.898	3	4	2	82	"2;3;1"	"id_040"	0	1
46	1.524	2	0	2	82	"2;3;1"	"id_040"	0	1
47	1.273	3	0	2	82	"2;3;1"	"id_040"	0	1
48	1.213	1	3	2	85	"2;3;1"	"id_040"	0	1
49	1.272	2	5	2	90	"2;3;1"	"id_040"	0	1
50	1.16	1	4	2	94	"2;3;1"	"id_040"	0	1
0	-272.699	0	0	3	0	"2;3;1"	"id_040"	0	1
1	298.234	1	0	3	0	"1;2;3"	"id_040"	0	1
2	2.487	2	4	3	4	"1;2;3"	"id_040"	0	1
3	1.395	3	6	3	10	"1;2;3"	"id_040"	0	1
4	1.862	1	3	3	13	"1;2;3"	"id_040"	0	1
5	1.169	2	-2	3	11	"1;2;3"	"id_040"	0	1
6	1.075	3	-1	3	10	"1;2;3"	"id_040"	0	1
7	1.922	1	1	3	11	"1;2;3"	"id_040"	0	1
8	1.006	2	5	3	16	"1;2;3"	"id_040"	0	1
9	1.093	3	-3	3	13	"1;2;3"	"id_040"	0	1
10	1.525	2	3	3	16	"1;2;3"	"id_040"	0	1
11	0.865	1	2	3	18	"1;2;3"	"id_040"	0	1
12	1.453	3	0	3	18	"1;2;3"	"id_040"	0	1
13	0.984	2	4	3	22	"1;2;3"	"id_040"	0	1
14	0.822	1	-1	3	21	"1;2;3"	"id_040"	0	1
15	1.106	3	-3	3	18	"1;2;3"	"id_040"	0	1
16	0.828	2	0	3	18	"1;2;3"	"id_040"	0	1
17	0.932	1	4	3	22	"1;2;3"	"id_040"	0	1
18	1.307	3	8	3	30	"1;2;3"	"id_040"	0	1
19	0.89	2	1	3	31	"1;2;3"	"id_040"	0	1
20	1.265	1	3	3	34	"1;2;3"	"id_040"	0	1
21	1.986	3	9	3	43	"1;2;3"	"id_040"	0	1
22	1.423	2	8	3	51	"1;2;3"	"id_040"	0	1
23	1.081	1	4	3	55	"1;2;3"	"id_040"	0	1
24	1.729	3	-8	3	47	"1;2;3"	"id_040"	0	1
25	1.198	2	3	3	50	"1;2;3"	"id_040"	0	1
26	0.816	1	3	3	53	"1;2;3"	"id_040"	0	1
27	1.691	3	4	3	57	"1;2;3"	"id_040"	0	1
28	0.952	2	-1	3	56	"1;2;3"	"id_040"	0	1
29	1.021	1	6	3	62	"1;2;3"	"id_040"	0	1
30	1.462	3	9	3	71	"1;2;3"	"id_040"	0	1
31	1.162	2	3	3	74	"1;2;3"	"id_040"	0	1
32	0.853	1	5	3	79	"1;2;3"	"id_040"	0	1
33	1.952	1	1	3	80	"1;2;3"	"id_040"	0	1
34	0.947	1	1	3	81	"1;2;3"	"id_040"	0	1
35	0.822	1	7	3	88	"1;2;3"	"id_040"	0	1
36	0.983	1	3	3	91	"1;2;3"	"id_040"	0	1
37	0.909	1	3	3	94	"1;2;3"	"id_040"	0	1
38	0.916	1	1	3	95	"1;2;3"	"id_040"	0	1
39	0.954	1	1	3	96	"1;2;3"	"id_040"	0	1
40	0.899	1	4	3	100	"1;2;3"	"id_040"	0	1
41	1.023	1	3	3	103	"1;2;3"	"id_040"	0	1
42	0.96	1	8	3	111	"1;2;3"	"id_040"	0	1
43	0.781	1	6	3	117	"1;2;3"	"id_040"	0	1
44	0.825	1	0	3	117	"1;2;3"	"id_040"	0	1
45	1.132	1	4	3	121	"1;2;3"	"id_040"	0	1
46	120.35	2	6	3	127	"1;2;3"	"id_040"	0	1
47	1.135	1	5	3	132	"1;2;3"	"id_040"	0	1
48	0.917	2	5	3	137	"1;2;3"	"id_040"	0	1
49	1.036	1	2	3	139	"1;2;3"	"id_040"	0	1
50	1.015	2	1	3	140	"1;2;3"	"id_040"	0	1
0	-475.15	0	0	4	0	"1;2;3"	"id_040"	0	1
1	480.323	1	5	4	5	"1;3;2"	"id_040"	0	1
2	1.853	2	-3	4	2	"1;3;2"	"id_040"	0	1
3	0.917	3	-1	4	1	"1;3;2"	"id_040"	0	1
4	1.273	1	4	4	5	"1;3;2"	"id_040"	0	1
5	0.94	1	7	4	12	"1;3;2"	"id_040"	0	1
6	0.919	1	4	4	16	"1;3;2"	"id_040"	0	1
7	0.904	1	-1	4	15	"1;3;2"	"id_040"	0	1
8	1.286	2	-2	4	13	"1;3;2"	"id_040"	0	1
9	0.729	3	6	4	19	"1;3;2"	"id_040"	0	1
10	1.006	1	5	4	24	"1;3;2"	"id_040"	0	1
11	0.904	2	0	4	24	"1;3;2"	"id_040"	0	1
12	0.973	3	1	4	25	"1;3;2"	"id_040"	0	1
13	0.854	1	2	4	27	"1;3;2"	"id_040"	0	1
14	0.863	2	-1	4	26	"1;3;2"	"id_040"	0	1
15	0.772	3	7	4	33	"1;3;2"	"id_040"	0	1
16	0.966	1	1	4	34	"1;3;2"	"id_040"	0	1
17	0.744	1	1	4	35	"1;3;2"	"id_040"	0	1
18	0.791	1	1	4	36	"1;3;2"	"id_040"	0	1
19	0.656	1	6	4	42	"1;3;2"	"id_040"	0	1
20	0.808	1	3	4	45	"1;3;2"	"id_040"	0	1
21	0.734	1	-2	4	43	"1;3;2"	"id_040"	0	1
22	0.666	1	4	4	47	"1;3;2"	"id_040"	0	1
23	0.738	1	-1	4	46	"1;3;2"	"id_040"	0	1
24	0.764	1	2	4	48	"1;3;2"	"id_040"	0	1
25	0.759	1	6	4	54	"1;3;2"	"id_040"	0	1
26	0.649	1	5	4	59	"1;3;2"	"id_040"	0	1
27	0.695	1	6	4	65	"1;3;2"	"id_040"	0	1
28	0.668	1	3	4	68	"1;3;2"	"id_040"	0	1
29	0.758	1	0	4	68	"1;3;2"	"id_040"	0	1
30	0.606	1	4	4	72	"1;3;2"	"id_040"	0	1
31	0.703	1	1	4	73	"1;3;2"	"id_040"	0	1
32	0.675	1	2	4	75	"1;3;2"	"id_040"	0	1
33	0.653	1	6	4	81	"1;3;2"	"id_040"	0	1
34	0.804	1	2	4	83	"1;3;2"	"id_040"	0	1
35	0.711	1	2	4	85	"1;3;2"	"id_040"	0	1
36	0.709	1	5	4	90	"1;3;2"	"id_040"	0	1
37	0.661	1	1	4	91	"1;3;2"	"id_040"	0	1
38	0.633	1	0	4	91	"1;3;2"	"id_040"	0	1
39	0.551	1	-2	4	89	"1;3;2"	"id_040"	0	1
40	1.361	1	2	4	91	"1;3;2"	"id_040"	0	1
41	0.659	1	4	4	95	"1;3;2"	"id_040"	0	1
42	0.724	1	5	4	100	"1;3;2"	"id_040"	0	1
43	0.651	1	4	4	104	"1;3;2"	"id_040"	0	1
44	0.772	1	5	4	109	"1;3;2"	"id_040"	0	1
45	0.628	1	3	4	112	"1;3;2"	"id_040"	0	1
46	0.636	1	2	4	114	"1;3;2"	"id_040"	0	1
47	0.738	1	6	4	120	"1;3;2"	"id_040"	0	1
48	0.747	1	8	4	128	"1;3;2"	"id_040"	0	1
49	0.708	1	2	4	130	"1;3;2"	"id_040"	0	1
50	0.824	1	2	4	132	"1;3;2"	"id_040"	0	1
0	-520.066	0	0	5	0	"1;3;2"	"id_040"	0	1
1	632.37	1	3	5	3	"1;3;2"	"id_040"	0	1
2	0.661	2	7	5	10	"1;3;2"	"id_040"	0	1
3	0.648	3	-3	5	7	"1;3;2"	"id_040"	0	1
4	0.866	2	4	5	11	"1;3;2"	"id_040"	0	1
5	0.729	2	5	5	16	"1;3;2"	"id_040"	0	1
6	0.655	2	-3	5	13	"1;3;2"	"id_040"	0	1
7	0.764	2	0	5	13	"1;3;2"	"id_040"	0	1
8	0.655	2	4	5	17	"1;3;2"	"id_040"	0	1
9	0.683	2	-6	5	11	"1;3;2"	"id_040"	0	1
10	0.624	2	-4	5	7	"1;3;2"	"id_040"	0	1
11	0.688	2	8	5	15	"1;3;2"	"id_040"	0	1
12	0.68	2	-1	5	14	"1;3;2"	"id_040"	0	1
13	0.629	2	2	5	16	"1;3;2"	"id_040"	0	1
14	0.661	2	10	5	26	"1;3;2"	"id_040"	0	1
15	0.658	2	-3	5	23	"1;3;2"	"id_040"	0	1
16	0.69	2	18	5	41	"1;3;2"	"id_040"	0	1
17	0.848	2	11	5	52	"1;3;2"	"id_040"	0	1
18	0.681	2	7	5	59	"1;3;2"	"id_040"	0	1
19	0.754	2	1	5	60	"1;3;2"	"id_040"	0	1
20	0.746	2	-2	5	58	"1;3;2"	"id_040"	0	1
21	0.724	2	2	5	60	"1;3;2"	"id_040"	0	1
22	0.773	2	6	5	66	"1;3;2"	"id_040"	0	1
23	0.74	2	7	5	73	"1;3;2"	"id_040"	0	1
24	0.732	2	-2	5	71	"1;3;2"	"id_040"	0	1
25	0.754	2	0	5	71	"1;3;2"	"id_040"	0	1
26	0.838	2	-3	5	68	"1;3;2"	"id_040"	0	1
27	0.604	2	6	5	74	"1;3;2"	"id_040"	0	1
28	2.169	2	3	5	77	"1;3;2"	"id_040"	0	1
29	0.847	2	0	5	77	"1;3;2"	"id_040"	0	1
30	0.891	2	5	5	82	"1;3;2"	"id_040"	0	1
31	0.863	2	-6	5	76	"1;3;2"	"id_040"	0	1
32	1.757	2	-7	5	69	"1;3;2"	"id_040"	0	1
33	0.998	1	1	5	70	"1;3;2"	"id_040"	0	1
34	0.762	1	4	5	74	"1;3;2"	"id_040"	0	1
35	0.635	1	1	5	75	"1;3;2"	"id_040"	0	1
36	0.589	1	3	5	78	"1;3;2"	"id_040"	0	1
37	0.755	1	4	5	82	"1;3;2"	"id_040"	0	1
38	0.549	1	5	5	87	"1;3;2"	"id_040"	0	1
39	0.652	1	7	5	94	"1;3;2"	"id_040"	0	1
40	0.604	1	1	5	95	"1;3;2"	"id_040"	0	1
41	0.702	1	-1	5	94	"1;3;2"	"id_040"	0	1
42	1.169	1	3	5	97	"1;3;2"	"id_040"	0	1
43	0.262	1	8	5	105	"1;3;2"	"id_040"	0	1
44	0.751	1	4	5	109	"1;3;2"	"id_040"	0	1
45	0.689	1	5	5	114	"1;3;2"	"id_040"	0	1
46	0.677	1	6	5	120	"1;3;2"	"id_040"	0	1
47	0.726	1	3	5	123	"1;3;2"	"id_040"	0	1
48	0.698	1	2	5	125	"1;3;2"	"id_040"	0	1
49	0.759	1	4	5	129	"1;3;2"	"id_040"	0	1
50	0.874	1	1	5	130	"1;3;2"	"id_040"	0	1
0	-670.233	0	0	6	0	"1;3;2"	"id_040"	0	1
1	675.76	1	3	6	3	"2;1;3"	"id_040"	0	1
2	0.72	1	5	6	8	"2;1;3"	"id_040"	0	1
3	0.783	1	1	6	9	"2;1;3"	"id_040"	0	1
4	0.712	1	5	6	14	"2;1;3"	"id_040"	0	1
5	0.823	1	3	6	17	"2;1;3"	"id_040"	0	1
6	0.646	1	0	6	17	"2;1;3"	"id_040"	0	1
7	0.706	1	0	6	17	"2;1;3"	"id_040"	0	1
8	0.763	1	4	6	21	"2;1;3"	"id_040"	0	1
9	0.733	1	0	6	21	"2;1;3"	"id_040"	0	1
10	1.759	2	1	6	22	"2;1;3"	"id_040"	0	1
11	0.796	2	3	6	25	"2;1;3"	"id_040"	0	1
12	0.745	2	3	6	28	"2;1;3"	"id_040"	0	1
13	0.752	2	1	6	29	"2;1;3"	"id_040"	0	1
14	0.782	2	5	6	34	"2;1;3"	"id_040"	0	1
15	0.605	2	2	6	36	"2;1;3"	"id_040"	0	1
16	0.714	2	1	6	37	"2;1;3"	"id_040"	0	1
17	0.711	2	3	6	40	"2;1;3"	"id_040"	0	1
18	0.642	2	3	6	43	"2;1;3"	"id_040"	0	1
19	0.585	2	4	6	47	"2;1;3"	"id_040"	0	1
20	0.851	2	-1	6	46	"2;1;3"	"id_040"	0	1
21	0.699	2	3	6	49	"2;1;3"	"id_040"	0	1
22	0.741	2	4	6	53	"2;1;3"	"id_040"	0	1
23	0.588	2	2	6	55	"2;1;3"	"id_040"	0	1
24	0.614	2	3	6	58	"2;1;3"	"id_040"	0	1
25	0.626	2	1	6	59	"2;1;3"	"id_040"	0	1
26	0.769	2	3	6	62	"2;1;3"	"id_040"	0	1
27	0.481	2	-3	6	59	"2;1;3"	"id_040"	0	1
28	0.141	2	1	6	60	"2;1;3"	"id_040"	0	1
29	0.454	2	5	6	65	"2;1;3"	"id_040"	0	1
30	0.569	2	6	6	71	"2;1;3"	"id_040"	0	1
31	0.6	2	3	6	74	"2;1;3"	"id_040"	0	1
32	0.627	2	4	6	78	"2;1;3"	"id_040"	0	1
33	0.613	2	4	6	82	"2;1;3"	"id_040"	0	1
34	0.59	2	3	6	85	"2;1;3"	"id_040"	0	1
35	0.507	2	6	6	91	"2;1;3"	"id_040"	0	1
36	0.553	2	2	6	93	"2;1;3"	"id_040"	0	1
37	0.577	2	3	6	96	"2;1;3"	"id_040"	0	1
38	0.538	2	2	6	98	"2;1;3"	"id_040"	0	1
39	0.242	2	4	6	102	"2;1;3"	"id_040"	0	1
40	0.283	2	5	6	107	"2;1;3"	"id_040"	0	1
41	0.134	2	-1	6	106	"2;1;3"	"id_040"	0	1
42	0.488	2	8	6	114	"2;1;3"	"id_040"	0	1
43	0.545	2	1	6	115	"2;1;3"	"id_040"	0	1
44	0.319	2	2	6	117	"2;1;3"	"id_040"	0	1
45	0.19	2	3	6	120	"2;1;3"	"id_040"	0	1
46	0.381	2	3	6	123	"2;1;3"	"id_040"	0	1
47	0.482	2	5	6	128	"2;1;3"	"id_040"	0	1
48	0.446	2	5	6	133	"2;1;3"	"id_040"	0	1
49	0.186	2	2	6	135	"2;1;3"	"id_040"	0	1
50	0.561	2	2	6	137	"2;1;3"	"id_040"	0	1
0	-705.132	0	0	7	0	"2;1;3"	"id_040"	0	1
