"trial"	"time"	"selection"	"outcome"	"game"	"points.cum"	"option.order"	"workerid"	"goal"	"condition"
1	0	1	6	1	6	"1;2;3"	"id_060"	0	1
2	0.371	1	3	1	9	"1;2;3"	"id_060"	0	1
3	0.893	1	0	1	9	"1;2;3"	"id_060"	0	1
4	1.141	2	1	1	10	"1;2;3"	"id_060"	0	1
5	0.497	2	3	1	13	"1;2;3"	"id_060"	0	1
6	0.457	2	2	1	15	"1;2;3"	"id_060"	0	1
7	1.058	3	3	1	18	"1;2;3"	"id_060"	0	1
8	0.245	3	4	1	22	"1;2;3"	"id_060"	0	1
9	0.309	3	1	1	23	"1;2;3"	"id_060"	0	1
10	2.287	1	3	1	26	"1;2;3"	"id_060"	0	1
11	0.542	1	1	1	27	"1;2;3"	"id_060"	0	1
12	0.507	1	3	1	30	"1;2;3"	"id_060"	0	1
13	0.403	1	3	1	33	"1;2;3"	"id_060"	0	1
14	0.387	1	3	1	36	"1;2;3"	"id_060"	0	1
15	1.289	2	2	1	38	"1;2;3"	"id_060"	0	1
16	0.463	2	5	1	43	"1;2;3"	"id_060"	0	1
17	0.404	2	5	1	48	"1;2;3"	"id_060"	0	1
18	0.346	2	1	1	49	"1;2;3"	"id_060"	0	1
19	0.488	2	3	1	52	"1;2;3"	"id_060"	0	1
20	0.93	3	1	1	53	"1;2;3"	"id_060"	0	1
0	-61.125	0	0	2	0	"1;2;3"	"id_060"	0	1
1	68.534	1	0	2	0	"2;1;3"	"id_060"	0	1
2	0.637	1	1	2	1	"2;1;3"	"id_060"	0	1
3	0.829	1	4	2	5	"2;1;3"	"id_060"	0	1
4	0.737	1	4	2	9	"2;1;3"	"id_060"	0	1
5	0.631	1	2	2	11	"2;1;3"	"id_060"	0	1
6	0.58	1	1	2	12	"2;1;3"	"id_060"	0	1
7	0.556	1	-2	2	10	"2;1;3"	"id_060"	0	1
8	0.567	1	2	2	12	"2;1;3"	"id_060"	0	1
9	1.303	1	5	2	17	"2;1;3"	"id_060"	0	1
10	3.114	1	2	2	19	"2;1;3"	"id_060"	0	1
11	0.779	1	2	2	21	"2;1;3"	"id_060"	0	1
12	0.643	1	-1	2	20	"2;1;3"	"id_060"	0	1
13	0.545	1	3	2	23	"2;1;3"	"id_060"	0	1
14	0.622	1	5	2	28	"2;1;3"	"id_060"	0	1
15	1.402	1	3	2	31	"2;1;3"	"id_060"	0	1
16	0.758	2	4	2	35	"2;1;3"	"id_060"	0	1
17	0.718	2	2	2	37	"2;1;3"	"id_060"	0	1
18	0.539	2	2	2	39	"2;1;3"	"id_060"	0	1
19	0.617	2	3	2	42	"2;1;3"	"id_060"	0	1
20	0.569	2	-1	2	41	"2;1;3"	"id_060"	0	1
21	1.404	2	1	2	42	"2;1;3"	"id_060"	0	1
22	0.687	2	2	2	44	"2;1;3"	"id_060"	0	1
23	0.705	2	1	2	45	"2;1;3"	"id_060"	0	1
24	0.447	2	3	2	48	"2;1;3"	"id_060"	0	1
25	0.541	2	4	2	52	"2;1;3"	"id_060"	0	1
26	0.834	2	-1	2	51	"2;1;3"	"id_060"	0	1
27	0.662	2	6	2	57	"2;1;3"	"id_060"	0	1
28	0.776	2	3	2	60	"2;1;3"	"id_060"	0	1
29	0.881	2	6	2	66	"2;1;3"	"id_060"	0	1
30	0.65	2	1	2	67	"2;1;3"	"id_060"	0	1
31	1.299	2	3	2	70	"2;1;3"	"id_060"	0	1
32	0.663	2	2	2	72	"2;1;3"	"id_060"	0	1
33	0.614	2	4	2	76	"2;1;3"	"id_060"	0	1
34	0.82	2	6	2	82	"2;1;3"	"id_060"	0	1
35	0.707	2	5	2	87	"2;1;3"	"id_060"	0	1
36	1.294	3	2	2	89	"2;1;3"	"id_060"	0	1
37	0.415	3	-3	2	86	"2;1;3"	"id_060"	0	1
38	0.337	3	2	2	88	"2;1;3"	"id_060"	0	1
39	0.352	3	5	2	93	"2;1;3"	"id_060"	0	1
40	0.487	3	14	2	107	"2;1;3"	"id_060"	0	1
41	0.442	3	-5	2	102	"2;1;3"	"id_060"	0	1
42	0.436	3	0	2	102	"2;1;3"	"id_060"	0	1
43	0.441	3	-1	2	101	"2;1;3"	"id_060"	0	1
44	0.568	3	0	2	101	"2;1;3"	"id_060"	0	1
45	0.564	3	5	2	106	"2;1;3"	"id_060"	0	1
46	0.489	3	6	2	112	"2;1;3"	"id_060"	0	1
47	0.411	3	2	2	114	"2;1;3"	"id_060"	0	1
48	0.395	3	3	2	117	"2;1;3"	"id_060"	0	1
49	0.652	3	5	2	122	"2;1;3"	"id_060"	0	1
50	0.271	3	4	2	126	"2;1;3"	"id_060"	0	1
0	-103.924	0	0	3	0	"2;1;3"	"id_060"	0	1
1	112.136	1	6	3	6	"2;3;1"	"id_060"	0	1
2	0.501	1	-2	3	4	"2;3;1"	"id_060"	0	1
3	0.537	1	3	3	7	"2;3;1"	"id_060"	0	1
4	0.481	1	4	3	11	"2;3;1"	"id_060"	0	1
5	0.503	1	6	3	17	"2;3;1"	"id_060"	0	1
6	0.832	2	2	3	19	"2;3;1"	"id_060"	0	1
7	0.458	2	0	3	19	"2;3;1"	"id_060"	0	1
8	0.41	2	5	3	24	"2;3;1"	"id_060"	0	1
9	0.281	2	9	3	33	"2;3;1"	"id_060"	0	1
10	0.36	2	2	3	35	"2;3;1"	"id_060"	0	1
11	0.742	3	1	3	36	"2;3;1"	"id_060"	0	1
12	0.208	3	4	3	40	"2;3;1"	"id_060"	0	1
13	0.373	3	4	3	44	"2;3;1"	"id_060"	0	1
14	0.363	3	5	3	49	"2;3;1"	"id_060"	0	1
15	0.514	3	6	3	55	"2;3;1"	"id_060"	0	1
16	1.434	1	-2	3	53	"2;3;1"	"id_060"	0	1
17	0.249	1	5	3	58	"2;3;1"	"id_060"	0	1
18	0.392	1	2	3	60	"2;3;1"	"id_060"	0	1
19	0.378	1	2	3	62	"2;3;1"	"id_060"	0	1
20	0.545	1	1	3	63	"2;3;1"	"id_060"	0	1
21	0.915	2	5	3	68	"2;3;1"	"id_060"	0	1
22	0.445	2	7	3	75	"2;3;1"	"id_060"	0	1
23	0.241	2	-2	3	73	"2;3;1"	"id_060"	0	1
24	0.39	2	-5	3	68	"2;3;1"	"id_060"	0	1
25	0.439	2	6	3	74	"2;3;1"	"id_060"	0	1
26	1.057	3	3	3	77	"2;3;1"	"id_060"	0	1
27	0.446	3	5	3	82	"2;3;1"	"id_060"	0	1
28	0.327	3	2	3	84	"2;3;1"	"id_060"	0	1
29	0.408	3	4	3	88	"2;3;1"	"id_060"	0	1
30	0.407	3	5	3	93	"2;3;1"	"id_060"	0	1
31	0.952	1	1	3	94	"2;3;1"	"id_060"	0	1
32	0.101	1	-1	3	93	"2;3;1"	"id_060"	0	1
33	0.319	1	-5	3	88	"2;3;1"	"id_060"	0	1
34	0.343	1	1	3	89	"2;3;1"	"id_060"	0	1
35	0.359	1	3	3	92	"2;3;1"	"id_060"	0	1
36	0.504	2	1	3	93	"2;3;1"	"id_060"	0	1
37	0.259	2	-1	3	92	"2;3;1"	"id_060"	0	1
38	0.351	2	0	3	92	"2;3;1"	"id_060"	0	1
39	0.322	2	1	3	93	"2;3;1"	"id_060"	0	1
40	0.333	2	0	3	93	"2;3;1"	"id_060"	0	1
41	0.39	3	4	3	97	"2;3;1"	"id_060"	0	1
42	0.204	3	1	3	98	"2;3;1"	"id_060"	0	1
43	0.306	3	4	3	102	"2;3;1"	"id_060"	0	1
44	0.249	3	0	3	102	"2;3;1"	"id_060"	0	1
45	0.363	3	6	3	108	"2;3;1"	"id_060"	0	1
46	0.897	1	-1	3	107	"2;3;1"	"id_060"	0	1
47	0.363	1	2	3	109	"2;3;1"	"id_060"	0	1
48	0.624	1	3	3	112	"2;3;1"	"id_060"	0	1
49	0.307	1	0	3	112	"2;3;1"	"id_060"	0	1
50	2.99	1	-1	3	111	"2;3;1"	"id_060"	0	1
0	-137.308	0	0	4	0	"2;3;1"	"id_060"	0	1
1	144.154	1	3	4	3	"1;3;2"	"id_060"	0	1
2	0.802	1	3	4	6	"1;3;2"	"id_060"	0	1
3	0.499	1	2	4	8	"1;3;2"	"id_060"	0	1
4	0.519	1	2	4	10	"1;3;2"	"id_060"	0	1
5	0.567	1	2	4	12	"1;3;2"	"id_060"	0	1
6	0.781	1	4	4	16	"1;3;2"	"id_060"	0	1
7	0.438	1	3	4	19	"1;3;2"	"id_060"	0	1
8	0.556	1	-1	4	18	"1;3;2"	"id_060"	0	1
9	0.554	1	4	4	22	"1;3;2"	"id_060"	0	1
10	0.673	1	5	4	27	"1;3;2"	"id_060"	0	1
11	1.083	2	10	4	37	"1;3;2"	"id_060"	0	1
12	0.425	2	12	4	49	"1;3;2"	"id_060"	0	1
13	0.511	2	-9	4	40	"1;3;2"	"id_060"	0	1
14	0.504	2	0	4	40	"1;3;2"	"id_060"	0	1
15	0.509	2	9	4	49	"1;3;2"	"id_060"	0	1
16	0.536	2	-1	4	48	"1;3;2"	"id_060"	0	1
17	0.499	2	-6	4	42	"1;3;2"	"id_060"	0	1
18	0.353	2	6	4	48	"1;3;2"	"id_060"	0	1
19	0.508	2	-1	4	47	"1;3;2"	"id_060"	0	1
20	0.662	2	2	4	49	"1;3;2"	"id_060"	0	1
21	1.419	3	2	4	51	"1;3;2"	"id_060"	0	1
22	0.754	3	0	4	51	"1;3;2"	"id_060"	0	1
23	0.367	3	6	4	57	"1;3;2"	"id_060"	0	1
24	0.469	3	3	4	60	"1;3;2"	"id_060"	0	1
25	0.517	3	-3	4	57	"1;3;2"	"id_060"	0	1
26	0.48	3	-1	4	56	"1;3;2"	"id_060"	0	1
27	0.536	3	4	4	60	"1;3;2"	"id_060"	0	1
28	0.403	3	3	4	63	"1;3;2"	"id_060"	0	1
29	0.503	3	-3	4	60	"1;3;2"	"id_060"	0	1
30	0.411	3	3	4	63	"1;3;2"	"id_060"	0	1
31	0.904	1	4	4	67	"1;3;2"	"id_060"	0	1
32	0.482	1	6	4	73	"1;3;2"	"id_060"	0	1
33	0.465	1	5	4	78	"1;3;2"	"id_060"	0	1
34	0.462	1	2	4	80	"1;3;2"	"id_060"	0	1
35	0.457	1	5	4	85	"1;3;2"	"id_060"	0	1
36	0.498	1	5	4	90	"1;3;2"	"id_060"	0	1
37	0.491	1	2	4	92	"1;3;2"	"id_060"	0	1
38	0.53	1	0	4	92	"1;3;2"	"id_060"	0	1
39	0.634	1	7	4	99	"1;3;2"	"id_060"	0	1
40	0.261	1	2	4	101	"1;3;2"	"id_060"	0	1
41	1.198	2	6	4	107	"1;3;2"	"id_060"	0	1
42	0.28	2	-3	4	104	"1;3;2"	"id_060"	0	1
43	0.379	2	0	4	104	"1;3;2"	"id_060"	0	1
44	0.488	2	1	4	105	"1;3;2"	"id_060"	0	1
45	0.367	2	3	4	108	"1;3;2"	"id_060"	0	1
46	0.423	2	-4	4	104	"1;3;2"	"id_060"	0	1
47	0.466	2	1	4	105	"1;3;2"	"id_060"	0	1
48	0.433	2	2	4	107	"1;3;2"	"id_060"	0	1
49	0.358	2	8	4	115	"1;3;2"	"id_060"	0	1
50	0.454	2	3	4	118	"1;3;2"	"id_060"	0	1
0	-171.022	0	0	5	0	"1;3;2"	"id_060"	0	1
1	177.309	1	6	5	6	"1;2;3"	"id_060"	0	1
2	0.348	1	0	5	6	"1;2;3"	"id_060"	0	1
3	0.557	1	1	5	7	"1;2;3"	"id_060"	0	1
4	0.701	1	1	5	8	"1;2;3"	"id_060"	0	1
5	0.937	1	0	5	8	"1;2;3"	"id_060"	0	1
6	0.818	1	4	5	12	"1;2;3"	"id_060"	0	1
7	0.6	1	2	5	14	"1;2;3"	"id_060"	0	1
8	0.724	1	2	5	16	"1;2;3"	"id_060"	0	1
9	0.757	1	4	5	20	"1;2;3"	"id_060"	0	1
10	0.719	1	3	5	23	"1;2;3"	"id_060"	0	1
11	0.745	1	2	5	25	"1;2;3"	"id_060"	0	1
12	0.794	1	2	5	27	"1;2;3"	"id_060"	0	1
13	0.649	1	0	5	27	"1;2;3"	"id_060"	0	1
14	1.077	1	5	5	32	"1;2;3"	"id_060"	0	1
15	0.617	1	3	5	35	"1;2;3"	"id_060"	0	1
16	0.628	1	4	5	39	"1;2;3"	"id_060"	0	1
17	0.642	1	4	5	43	"1;2;3"	"id_060"	0	1
18	0.577	1	4	5	47	"1;2;3"	"id_060"	0	1
19	0.717	1	3	5	50	"1;2;3"	"id_060"	0	1
20	0.64	1	1	5	51	"1;2;3"	"id_060"	0	1
21	0.923	1	5	5	56	"1;2;3"	"id_060"	0	1
22	0.574	1	4	5	60	"1;2;3"	"id_060"	0	1
23	0.653	1	1	5	61	"1;2;3"	"id_060"	0	1
24	0.562	1	1	5	62	"1;2;3"	"id_060"	0	1
25	0.445	1	5	5	67	"1;2;3"	"id_060"	0	1
26	0.614	1	8	5	75	"1;2;3"	"id_060"	0	1
27	0.533	1	2	5	77	"1;2;3"	"id_060"	0	1
28	0.555	1	3	5	80	"1;2;3"	"id_060"	0	1
29	0.5	1	5	5	85	"1;2;3"	"id_060"	0	1
30	0.609	1	2	5	87	"1;2;3"	"id_060"	0	1
31	0.544	1	-1	5	86	"1;2;3"	"id_060"	0	1
32	0.755	1	3	5	89	"1;2;3"	"id_060"	0	1
33	0.608	2	1	5	90	"1;2;3"	"id_060"	0	1
34	0.536	2	2	5	92	"1;2;3"	"id_060"	0	1
35	0.588	2	0	5	92	"1;2;3"	"id_060"	0	1
36	0.764	2	5	5	97	"1;2;3"	"id_060"	0	1
37	0.42	2	0	5	97	"1;2;3"	"id_060"	0	1
38	0.588	2	2	5	99	"1;2;3"	"id_060"	0	1
39	0.634	2	4	5	103	"1;2;3"	"id_060"	0	1
40	0.534	2	-1	5	102	"1;2;3"	"id_060"	0	1
41	0.601	2	-1	5	101	"1;2;3"	"id_060"	0	1
42	0.653	3	-1	5	100	"1;2;3"	"id_060"	0	1
43	0.687	3	5	5	105	"1;2;3"	"id_060"	0	1
44	1.558	1	2	5	107	"1;2;3"	"id_060"	0	1
45	0.89	1	1	5	108	"1;2;3"	"id_060"	0	1
46	0.731	1	2	5	110	"1;2;3"	"id_060"	0	1
47	0.597	1	1	5	111	"1;2;3"	"id_060"	0	1
48	0.701	1	7	5	118	"1;2;3"	"id_060"	0	1
49	0.832	1	2	5	120	"1;2;3"	"id_060"	0	1
50	0.714	1	4	5	124	"1;2;3"	"id_060"	0	1
0	-210.459	0	0	6	0	"1;2;3"	"id_060"	0	1
1	215.885	1	8	6	8	"3;2;1"	"id_060"	0	1
2	0.651	1	4	6	12	"3;2;1"	"id_060"	0	1
3	0.545	1	0	6	12	"3;2;1"	"id_060"	0	1
4	0.56	1	9	6	21	"3;2;1"	"id_060"	0	1
5	0.575	1	4	6	25	"3;2;1"	"id_060"	0	1
6	0.589	1	6	6	31	"3;2;1"	"id_060"	0	1
7	0.636	1	5	6	36	"3;2;1"	"id_060"	0	1
8	0.556	1	1	6	37	"3;2;1"	"id_060"	0	1
9	0.649	1	3	6	40	"3;2;1"	"id_060"	0	1
10	0.565	1	8	6	48	"3;2;1"	"id_060"	0	1
11	0.48	1	9	6	57	"3;2;1"	"id_060"	0	1
12	0.587	1	7	6	64	"3;2;1"	"id_060"	0	1
13	0.595	1	3	6	67	"3;2;1"	"id_060"	0	1
14	0.553	1	0	6	67	"3;2;1"	"id_060"	0	1
15	0.875	1	-2	6	65	"3;2;1"	"id_060"	0	1
16	0.623	1	-8	6	57	"3;2;1"	"id_060"	0	1
17	1.288	2	6	6	63	"3;2;1"	"id_060"	0	1
18	0.635	2	3	6	66	"3;2;1"	"id_060"	0	1
19	0.668	2	1	6	67	"3;2;1"	"id_060"	0	1
20	0.484	2	0	6	67	"3;2;1"	"id_060"	0	1
21	0.52	2	-1	6	66	"3;2;1"	"id_060"	0	1
22	0.65	2	0	6	66	"3;2;1"	"id_060"	0	1
23	0.57	3	1	6	67	"3;2;1"	"id_060"	0	1
24	0.55	3	7	6	74	"3;2;1"	"id_060"	0	1
25	0.557	3	3	6	77	"3;2;1"	"id_060"	0	1
26	0.633	3	0	6	77	"3;2;1"	"id_060"	0	1
27	0.624	3	6	6	83	"3;2;1"	"id_060"	0	1
28	0.589	3	5	6	88	"3;2;1"	"id_060"	0	1
29	0.518	3	4	6	92	"3;2;1"	"id_060"	0	1
30	0.583	3	5	6	97	"3;2;1"	"id_060"	0	1
31	0.61	3	1	6	98	"3;2;1"	"id_060"	0	1
32	0.719	3	4	6	102	"3;2;1"	"id_060"	0	1
33	0.6	3	4	6	106	"3;2;1"	"id_060"	0	1
34	0.605	3	3	6	109	"3;2;1"	"id_060"	0	1
35	0.982	3	4	6	113	"3;2;1"	"id_060"	0	1
36	0.574	3	3	6	116	"3;2;1"	"id_060"	0	1
37	0.644	3	1	6	117	"3;2;1"	"id_060"	0	1
38	0.661	3	2	6	119	"3;2;1"	"id_060"	0	1
39	0.643	3	4	6	123	"3;2;1"	"id_060"	0	1
40	0.738	3	1	6	124	"3;2;1"	"id_060"	0	1
41	0.615	3	6	6	130	"3;2;1"	"id_060"	0	1
42	0.753	3	6	6	136	"3;2;1"	"id_060"	0	1
43	0.637	3	3	6	139	"3;2;1"	"id_060"	0	1
44	0.711	3	6	6	145	"3;2;1"	"id_060"	0	1
45	0.444	3	-2	6	143	"3;2;1"	"id_060"	0	1
46	0.688	3	2	6	145	"3;2;1"	"id_060"	0	1
47	1.034	1	8	6	153	"3;2;1"	"id_060"	0	1
48	0.682	1	-2	6	151	"3;2;1"	"id_060"	0	1
49	0.558	1	1	6	152	"3;2;1"	"id_060"	0	1
50	0.601	1	0	6	152	"3;2;1"	"id_060"	0	1
0	-247.292	0	0	7	0	"3;2;1"	"id_060"	0	1
