"trial"	"time"	"selection"	"outcome"	"game"	"points.cum"	"option.order"	"workerid"	"goal"	"condition"	"n.goals.reached"	"checkFails"	"payout"	"which.high.ev"
1	0.5	2	8	1	8	"2;1"	"id_052"	0	3	NA	0	0.9	3
2	0.811434848372775	1	3	1	11	"2;1"	"id_052"	0	3	NA	0	0.9	3
3	1.25353081322861	2	4	1	15	"2;1"	"id_052"	0	3	NA	0	0.9	3
4	0.5	1	5	1	20	"2;1"	"id_052"	0	3	NA	0	0.9	3
5	0.719774367217908	1	6	1	26	"2;1"	"id_052"	0	3	NA	0	0.9	3
6	0.5	1	0	1	26	"2;1"	"id_052"	0	3	NA	0	0.9	3
7	0.928856363480555	1	0	1	26	"2;1"	"id_052"	0	3	NA	0	0.9	3
8	0.915885154428441	1	5	1	31	"2;1"	"id_052"	0	3	NA	0	0.9	3
9	1.30190302261738	1	1	1	32	"2;1"	"id_052"	0	3	NA	0	0.9	3
10	0.990013230664551	2	7	1	39	"2;1"	"id_052"	0	3	NA	0	0.9	3
11	0.682194599704065	2	5	1	44	"2;1"	"id_052"	0	3	NA	0	0.9	3
12	1.09832194986723	2	1	1	45	"2;1"	"id_052"	0	3	NA	0	0.9	3
13	0.598940934239148	2	5	1	50	"2;1"	"id_052"	0	3	NA	0	0.9	3
14	0.698329117391032	2	2	1	52	"2;1"	"id_052"	0	3	NA	0	0.9	3
15	0.825490174657769	2	1	1	53	"2;1"	"id_052"	0	3	NA	0	0.9	3
16	0.5	1	4	1	57	"2;1"	"id_052"	0	3	NA	0	0.9	3
17	0.947428364888002	2	2	1	59	"2;1"	"id_052"	0	3	NA	0	0.9	3
18	1.06358856789318	1	3	1	62	"2;1"	"id_052"	0	3	NA	0	0.9	3
19	0.569212745502763	1	3	1	65	"2;1"	"id_052"	0	3	NA	0	0.9	3
20	1.00278787872171	1	2	1	67	"2;1"	"id_052"	0	3	NA	0	0.9	3
1	0.620582697831636	2	-5	2	-5	"1;2"	"id_052"	0	3	NA	0	0.9	3
2	0.640493606058094	1	3	2	-2	"1;2"	"id_052"	0	3	NA	0	0.9	3
3	0.910525815858453	1	1	2	-1	"1;2"	"id_052"	0	3	NA	0	0.9	3
4	0.750693213911199	2	-12	2	-13	"1;2"	"id_052"	0	3	NA	0	0.9	3
5	1.20784186358605	1	2	2	-11	"1;2"	"id_052"	0	3	NA	0	0.9	3
6	0.5	1	3	2	-8	"1;2"	"id_052"	0	3	NA	0	0.9	3
7	1.38467094920194	1	-1	2	-9	"1;2"	"id_052"	0	3	NA	0	0.9	3
8	1.10696256000922	2	-11	2	-20	"1;2"	"id_052"	0	3	NA	0	0.9	3
9	0.741070596597744	1	2	2	-18	"1;2"	"id_052"	0	3	NA	0	0.9	3
10	0.5	1	3	2	-15	"1;2"	"id_052"	0	3	NA	0	0.9	3
11	1.36415873668082	2	-14	2	-29	"1;2"	"id_052"	0	3	NA	0	0.9	3
12	1.02883698437359	1	4	2	-25	"1;2"	"id_052"	0	3	NA	0	0.9	3
13	0.710547504686608	1	4	2	-21	"1;2"	"id_052"	0	3	NA	0	0.9	3
14	1.19247120521434	1	4	2	-17	"1;2"	"id_052"	0	3	NA	0	0.9	3
15	0.5454338459107	2	7	2	-10	"1;2"	"id_052"	0	3	NA	0	0.9	3
16	1.13179024772728	1	0	2	-10	"1;2"	"id_052"	0	3	NA	0	0.9	3
17	0.547136007593279	2	12	2	2	"1;2"	"id_052"	0	3	NA	0	0.9	3
18	0.519662118310201	2	8	2	10	"1;2"	"id_052"	0	3	NA	0	0.9	3
19	0.787764690003273	2	14	2	24	"1;2"	"id_052"	0	3	NA	0	0.9	3
20	0.758732813508685	2	-3	2	21	"1;2"	"id_052"	0	3	NA	0	0.9	3
21	0.937947564059798	2	8	2	29	"1;2"	"id_052"	0	3	NA	0	0.9	3
22	0.961788213934455	1	0	2	29	"1;2"	"id_052"	0	3	NA	0	0.9	3
23	0.5	1	5	2	34	"1;2"	"id_052"	0	3	NA	0	0.9	3
24	0.5	2	3	2	37	"1;2"	"id_052"	0	3	NA	0	0.9	3
25	0.877062348805592	1	-1	2	36	"1;2"	"id_052"	0	3	NA	0	0.9	3
1	0.5	2	-1	3	-1	"1;2"	"id_052"	0	3	NA	0	0.9	3
2	0.606985899393407	1	5	3	4	"1;2"	"id_052"	0	3	NA	0	0.9	3
3	0.51911557640902	1	2	3	6	"1;2"	"id_052"	0	3	NA	0	0.9	3
4	0.935790873827252	1	3	3	9	"1;2"	"id_052"	0	3	NA	0	0.9	3
5	0.678040000821422	2	-5	3	4	"1;2"	"id_052"	0	3	NA	0	0.9	3
6	0.929911986025042	1	3	3	7	"1;2"	"id_052"	0	3	NA	0	0.9	3
7	0.865620789173331	1	2	3	9	"1;2"	"id_052"	0	3	NA	0	0.9	3
8	0.935396601166681	1	3	3	12	"1;2"	"id_052"	0	3	NA	0	0.9	3
9	1.14997994688958	2	0	3	12	"1;2"	"id_052"	0	3	NA	0	0.9	3
10	1.00852051408186	1	1	3	13	"1;2"	"id_052"	0	3	NA	0	0.9	3
11	0.694830251001878	2	15	3	28	"1;2"	"id_052"	0	3	NA	0	0.9	3
12	0.784167473564439	2	7	3	35	"1;2"	"id_052"	0	3	NA	0	0.9	3
13	0.546391711908793	1	6	3	41	"1;2"	"id_052"	0	3	NA	0	0.9	3
14	0.5	2	17	3	58	"1;2"	"id_052"	0	3	NA	0	0.9	3
15	1.06337252630875	2	-1	3	57	"1;2"	"id_052"	0	3	NA	0	0.9	3
16	0.767330463604344	1	5	3	62	"1;2"	"id_052"	0	3	NA	0	0.9	3
17	0.618975853957234	2	12	3	74	"1;2"	"id_052"	0	3	NA	0	0.9	3
18	0.5	1	4	3	78	"1;2"	"id_052"	0	3	NA	0	0.9	3
19	0.870734780180016	2	-1	3	77	"1;2"	"id_052"	0	3	NA	0	0.9	3
20	0.5	2	12	3	89	"1;2"	"id_052"	0	3	NA	0	0.9	3
21	1.0988236137817	2	1	3	90	"1;2"	"id_052"	0	3	NA	0	0.9	3
22	0.5	1	4	3	94	"1;2"	"id_052"	0	3	NA	0	0.9	3
23	0.842645069150713	2	-7	3	87	"1;2"	"id_052"	0	3	NA	0	0.9	3
24	0.5	1	4	3	91	"1;2"	"id_052"	0	3	NA	0	0.9	3
25	0.831919707626649	2	-7	3	84	"1;2"	"id_052"	0	3	NA	0	0.9	3
1	0.850892126862154	2	24	4	24	"1;2"	"id_052"	0	3	NA	0	0.9	3
2	0.5	2	32	4	56	"1;2"	"id_052"	0	3	NA	0	0.9	3
3	0.857381728455019	1	6	4	62	"1;2"	"id_052"	0	3	NA	0	0.9	3
4	1.0263993248209	2	-1	4	61	"1;2"	"id_052"	0	3	NA	0	0.9	3
5	0.801899182867141	1	0	4	61	"1;2"	"id_052"	0	3	NA	0	0.9	3
6	0.962092185899057	1	2	4	63	"1;2"	"id_052"	0	3	NA	0	0.9	3
7	0.771187221184054	1	0	4	63	"1;2"	"id_052"	0	3	NA	0	0.9	3
8	0.629652858932047	2	2	4	65	"1;2"	"id_052"	0	3	NA	0	0.9	3
9	0.894078168599635	2	9	4	74	"1;2"	"id_052"	0	3	NA	0	0.9	3
10	0.729101866808863	2	-8	4	66	"1;2"	"id_052"	0	3	NA	0	0.9	3
11	0.851264584636735	2	-13	4	53	"1;2"	"id_052"	0	3	NA	0	0.9	3
12	0.784765141743314	1	4	4	57	"1;2"	"id_052"	0	3	NA	0	0.9	3
13	0.5	2	9	4	66	"1;2"	"id_052"	0	3	NA	0	0.9	3
14	0.902245070865282	2	16	4	82	"1;2"	"id_052"	0	3	NA	0	0.9	3
15	0.598245996405515	2	2	4	84	"1;2"	"id_052"	0	3	NA	0	0.9	3
16	0.831408210898495	2	-15	4	69	"1;2"	"id_052"	0	3	NA	0	0.9	3
17	1.15110248509336	2	-3	4	66	"1;2"	"id_052"	0	3	NA	0	0.9	3
18	0.728230417971869	2	34	4	100	"1;2"	"id_052"	0	3	NA	0	0.9	3
19	0.5	1	5	4	105	"1;2"	"id_052"	0	3	NA	0	0.9	3
20	1.11702772172427	2	-2	4	103	"1;2"	"id_052"	0	3	NA	0	0.9	3
21	0.987617811466162	1	5	4	108	"1;2"	"id_052"	0	3	NA	0	0.9	3
22	0.766404029904364	2	-7	4	101	"1;2"	"id_052"	0	3	NA	0	0.9	3
23	0.5	2	11	4	112	"1;2"	"id_052"	0	3	NA	0	0.9	3
24	1.09196089623421	2	7	4	119	"1;2"	"id_052"	0	3	NA	0	0.9	3
25	1.36987816373181	1	2	4	121	"1;2"	"id_052"	0	3	NA	0	0.9	3
1	0.830421307599047	2	8	5	8	"1;2"	"id_052"	0	3	NA	0	0.9	3
2	0.536051153122388	1	1	5	9	"1;2"	"id_052"	0	3	NA	0	0.9	3
3	1.00860174981624	1	0	5	9	"1;2"	"id_052"	0	3	NA	0	0.9	3
4	0.601107351853468	1	4	5	13	"1;2"	"id_052"	0	3	NA	0	0.9	3
5	0.71722430255354	2	13	5	26	"1;2"	"id_052"	0	3	NA	0	0.9	3
6	0.640987852736647	2	-1	5	25	"1;2"	"id_052"	0	3	NA	0	0.9	3
7	0.842460816665127	2	-8	5	17	"1;2"	"id_052"	0	3	NA	0	0.9	3
8	1.23166301358668	2	0	5	17	"1;2"	"id_052"	0	3	NA	0	0.9	3
9	0.674881581058439	1	2	5	19	"1;2"	"id_052"	0	3	NA	0	0.9	3
10	0.505542079549558	1	6	5	25	"1;2"	"id_052"	0	3	NA	0	0.9	3
11	0.659766555735257	1	1	5	26	"1;2"	"id_052"	0	3	NA	0	0.9	3
12	0.60310475615467	2	0	5	26	"1;2"	"id_052"	0	3	NA	0	0.9	3
13	0.722621910195907	1	6	5	32	"1;2"	"id_052"	0	3	NA	0	0.9	3
14	1.02883000942142	2	6	5	38	"1;2"	"id_052"	0	3	NA	0	0.9	3
15	0.884499322404451	2	23	5	61	"1;2"	"id_052"	0	3	NA	0	0.9	3
16	0.978749218344207	2	11	5	72	"1;2"	"id_052"	0	3	NA	0	0.9	3
17	0.712739841434725	2	-10	5	62	"1;2"	"id_052"	0	3	NA	0	0.9	3
18	0.629292230388284	2	8	5	70	"1;2"	"id_052"	0	3	NA	0	0.9	3
19	0.527878046156684	2	21	5	91	"1;2"	"id_052"	0	3	NA	0	0.9	3
20	1.13350927522444	2	-4	5	87	"1;2"	"id_052"	0	3	NA	0	0.9	3
21	1.01635346528181	2	10	5	97	"1;2"	"id_052"	0	3	NA	0	0.9	3
22	0.823860114240654	2	0	5	97	"1;2"	"id_052"	0	3	NA	0	0.9	3
23	0.613895704808722	1	1	5	98	"1;2"	"id_052"	0	3	NA	0	0.9	3
24	1.32719689981597	2	0	5	98	"1;2"	"id_052"	0	3	NA	0	0.9	3
25	1.29182233930479	2	2	5	100	"1;2"	"id_052"	0	3	NA	0	0.9	3
1	0.571195713397259	1	6	6	6	"1;2"	"id_052"	0	3	NA	0	0.9	3
2	0.5	1	5	6	11	"1;2"	"id_052"	0	3	NA	0	0.9	3
3	0.98844024374335	1	3	6	14	"1;2"	"id_052"	0	3	NA	0	0.9	3
4	0.724162350708868	1	8	6	22	"1;2"	"id_052"	0	3	NA	0	0.9	3
5	0.773249399999501	1	1	6	23	"1;2"	"id_052"	0	3	NA	0	0.9	3
6	0.880220269620286	1	3	6	26	"1;2"	"id_052"	0	3	NA	0	0.9	3
7	0.759741936883545	2	19	6	45	"1;2"	"id_052"	0	3	NA	0	0.9	3
8	0.525750279619523	1	4	6	49	"1;2"	"id_052"	0	3	NA	0	0.9	3
9	0.72638598756863	1	-2	6	47	"1;2"	"id_052"	0	3	NA	0	0.9	3
10	0.5	2	4	6	51	"1;2"	"id_052"	0	3	NA	0	0.9	3
11	0.807940812783832	2	18	6	69	"1;2"	"id_052"	0	3	NA	0	0.9	3
12	0.84491810362477	2	12	6	81	"1;2"	"id_052"	0	3	NA	0	0.9	3
13	1.52319513796993	2	14	6	95	"1;2"	"id_052"	0	3	NA	0	0.9	3
14	0.555469134821871	2	18	6	113	"1;2"	"id_052"	0	3	NA	0	0.9	3
15	1.20592270842494	2	-16	6	97	"1;2"	"id_052"	0	3	NA	0	0.9	3
16	0.5	2	16	6	113	"1;2"	"id_052"	0	3	NA	0	0.9	3
17	1.04311892186507	2	-13	6	100	"1;2"	"id_052"	0	3	NA	0	0.9	3
18	0.913414966740632	2	7	6	107	"1;2"	"id_052"	0	3	NA	0	0.9	3
19	1.11633053605554	1	-2	6	105	"1;2"	"id_052"	0	3	NA	0	0.9	3
20	0.8781970791129	1	4	6	109	"1;2"	"id_052"	0	3	NA	0	0.9	3
21	0.899814835878364	2	3	6	112	"1;2"	"id_052"	0	3	NA	0	0.9	3
22	0.915235262922057	1	3	6	115	"1;2"	"id_052"	0	3	NA	0	0.9	3
23	0.641648253620875	1	3	6	118	"1;2"	"id_052"	0	3	NA	0	0.9	3
24	0.845948057952766	2	16	6	134	"1;2"	"id_052"	0	3	NA	0	0.9	3
25	0.770518453301765	2	9	6	143	"1;2"	"id_052"	0	3	NA	0	0.9	3
1	0.989568898755148	2	14	7	14	"1;2"	"id_052"	0	3	NA	0	0.9	3
2	1.10235469339971	2	17	7	31	"1;2"	"id_052"	0	3	NA	0	0.9	3
3	0.932113791874234	2	14	7	45	"1;2"	"id_052"	0	3	NA	0	0.9	3
4	0.906571663800835	2	7	7	52	"1;2"	"id_052"	0	3	NA	0	0.9	3
5	1.17164137134358	2	9	7	61	"1;2"	"id_052"	0	3	NA	0	0.9	3
6	0.998556004740898	1	-1	7	60	"1;2"	"id_052"	0	3	NA	0	0.9	3
7	0.798800440953148	2	-5	7	55	"1;2"	"id_052"	0	3	NA	0	0.9	3
8	1.02350093350098	2	-10	7	45	"1;2"	"id_052"	0	3	NA	0	0.9	3
9	0.832054073152995	1	6	7	51	"1;2"	"id_052"	0	3	NA	0	0.9	3
10	1.12566163393583	2	-24	7	27	"1;2"	"id_052"	0	3	NA	0	0.9	3
11	1.2047908188795	2	9	7	36	"1;2"	"id_052"	0	3	NA	0	0.9	3
12	0.790515659449333	1	1	7	37	"1;2"	"id_052"	0	3	NA	0	0.9	3
13	0.707954551956435	1	-1	7	36	"1;2"	"id_052"	0	3	NA	0	0.9	3
14	0.5	1	0	7	36	"1;2"	"id_052"	0	3	NA	0	0.9	3
15	0.881263868124988	1	1	7	37	"1;2"	"id_052"	0	3	NA	0	0.9	3
16	1.028428420652	1	-2	7	35	"1;2"	"id_052"	0	3	NA	0	0.9	3
17	1.12334513697592	2	19	7	54	"1;2"	"id_052"	0	3	NA	0	0.9	3
18	1.05128819313487	1	-1	7	53	"1;2"	"id_052"	0	3	NA	0	0.9	3
19	0.674887104071952	2	11	7	64	"1;2"	"id_052"	0	3	NA	0	0.9	3
20	0.840153850690098	2	18	7	82	"1;2"	"id_052"	0	3	NA	0	0.9	3
21	0.951685150438908	1	4	7	86	"1;2"	"id_052"	0	3	NA	0	0.9	3
22	0.872060893628906	2	-3	7	83	"1;2"	"id_052"	0	3	NA	0	0.9	3
23	0.590798828442574	2	9	7	92	"1;2"	"id_052"	0	3	NA	0	0.9	3
24	0.771637729306067	1	2	7	94	"1;2"	"id_052"	0	3	NA	0	0.9	3
25	1.03437670100738	1	0	7	94	"1;2"	"id_052"	0	3	NA	0	0.9	3
1	0.969954497323758	1	6	8	6	"1;2"	"id_052"	0	3	NA	0	0.9	3
2	1.21787988899795	1	0	8	6	"1;2"	"id_052"	0	3	NA	0	0.9	3
3	0.768385270212769	2	8	8	14	"1;2"	"id_052"	0	3	NA	0	0.9	3
4	0.99774672234162	2	10	8	24	"1;2"	"id_052"	0	3	NA	0	0.9	3
5	1.26843104384623	1	5	8	29	"1;2"	"id_052"	0	3	NA	0	0.9	3
6	0.806038404799316	1	0	8	29	"1;2"	"id_052"	0	3	NA	0	0.9	3
7	0.789075343492666	1	0	8	29	"1;2"	"id_052"	0	3	NA	0	0.9	3
8	0.5	2	2	8	31	"1;2"	"id_052"	0	3	NA	0	0.9	3
9	1.12977875124265	2	-8	8	23	"1;2"	"id_052"	0	3	NA	0	0.9	3
10	0.767028374182661	1	-3	8	20	"1;2"	"id_052"	0	3	NA	0	0.9	3
11	1.1711201698292	2	-8	8	12	"1;2"	"id_052"	0	3	NA	0	0.9	3
12	0.847270889660953	2	2	8	14	"1;2"	"id_052"	0	3	NA	0	0.9	3
13	0.51456562460133	1	1	8	15	"1;2"	"id_052"	0	3	NA	0	0.9	3
14	0.578911515460852	2	5	8	20	"1;2"	"id_052"	0	3	NA	0	0.9	3
15	0.912069379907844	1	1	8	21	"1;2"	"id_052"	0	3	NA	0	0.9	3
16	0.5	1	3	8	24	"1;2"	"id_052"	0	3	NA	0	0.9	3
17	1.18137835980217	1	-1	8	23	"1;2"	"id_052"	0	3	NA	0	0.9	3
18	1.00710104032447	2	-8	8	15	"1;2"	"id_052"	0	3	NA	0	0.9	3
19	0.945152588975853	2	14	8	29	"1;2"	"id_052"	0	3	NA	0	0.9	3
20	1.04959022256575	1	0	8	29	"1;2"	"id_052"	0	3	NA	0	0.9	3
21	1.09761540513234	2	-4	8	25	"1;2"	"id_052"	0	3	NA	0	0.9	3
22	0.787174649869891	1	3	8	28	"1;2"	"id_052"	0	3	NA	0	0.9	3
23	1.1690434363384	2	5	8	33	"1;2"	"id_052"	0	3	NA	0	0.9	3
24	0.990267027034593	2	7	8	40	"1;2"	"id_052"	0	3	NA	0	0.9	3
25	0.649421385837291	2	-2	8	38	"1;2"	"id_052"	0	3	NA	0	0.9	3
1	1.15127338831601	2	4	9	4	"2;1"	"id_052"	0	3	NA	0	0.9	3
2	0.5	2	-2	9	2	"2;1"	"id_052"	0	3	NA	0	0.9	3
3	0.657468103830332	2	2	9	4	"2;1"	"id_052"	0	3	NA	0	0.9	3
4	0.580156627574162	2	3	9	7	"2;1"	"id_052"	0	3	NA	0	0.9	3
5	0.847415751624989	1	-2	9	5	"2;1"	"id_052"	0	3	NA	0	0.9	3
6	0.912017385457849	2	4	9	9	"2;1"	"id_052"	0	3	NA	0	0.9	3
7	1.10740146293691	2	2	9	11	"2;1"	"id_052"	0	3	NA	0	0.9	3
8	0.548088768189575	1	11	9	22	"2;1"	"id_052"	0	3	NA	0	0.9	3
9	0.80166687778238	2	-1	9	21	"2;1"	"id_052"	0	3	NA	0	0.9	3
10	0.729742304295873	2	3	9	24	"2;1"	"id_052"	0	3	NA	0	0.9	3
11	0.5	2	4	9	28	"2;1"	"id_052"	0	3	NA	0	0.9	3
12	0.555948972583161	2	1	9	29	"2;1"	"id_052"	0	3	NA	0	0.9	3
13	0.62638254115364	2	1	9	30	"2;1"	"id_052"	0	3	NA	0	0.9	3
14	1.1939286845709	2	3	9	33	"2;1"	"id_052"	0	3	NA	0	0.9	3
15	0.767368464932699	1	9	9	42	"2;1"	"id_052"	0	3	NA	0	0.9	3
16	0.548693402297467	2	2	9	44	"2;1"	"id_052"	0	3	NA	0	0.9	3
17	0.709084840241464	1	6	9	50	"2;1"	"id_052"	0	3	NA	0	0.9	3
18	0.868150595573568	2	3	9	53	"2;1"	"id_052"	0	3	NA	0	0.9	3
19	0.5	2	1	9	54	"2;1"	"id_052"	0	3	NA	0	0.9	3
20	0.937762260279715	2	-3	9	51	"2;1"	"id_052"	0	3	NA	0	0.9	3
21	0.631036247819507	1	20	9	71	"2;1"	"id_052"	0	3	NA	0	0.9	3
22	0.746150206981037	2	2	9	73	"2;1"	"id_052"	0	3	NA	0	0.9	3
23	0.869868005849426	1	12	9	85	"2;1"	"id_052"	0	3	NA	0	0.9	3
24	0.917978129305132	2	0	9	85	"2;1"	"id_052"	0	3	NA	0	0.9	3
25	0.870890825323045	1	12	9	97	"2;1"	"id_052"	0	3	NA	0	0.9	3
1	0.671007885184887	1	8	10	8	"2;1"	"id_052"	0	3	NA	0	0.9	3
2	0.695828507483726	1	-1	10	7	"2;1"	"id_052"	0	3	NA	0	0.9	3
3	1.00404649559872	1	33	10	40	"2;1"	"id_052"	0	3	NA	0	0.9	3
4	0.606981754902763	1	1	10	41	"2;1"	"id_052"	0	3	NA	0	0.9	3
5	0.934358510601172	2	1	10	42	"2;1"	"id_052"	0	3	NA	0	0.9	3
6	0.557271877355942	1	10	10	52	"2;1"	"id_052"	0	3	NA	0	0.9	3
7	0.844122002199056	1	3	10	55	"2;1"	"id_052"	0	3	NA	0	0.9	3
8	0.729335320434081	1	3	10	58	"2;1"	"id_052"	0	3	NA	0	0.9	3
9	0.743029608665293	1	2	10	60	"2;1"	"id_052"	0	3	NA	0	0.9	3
10	1.06513463541552	1	-15	10	45	"2;1"	"id_052"	0	3	NA	0	0.9	3
11	1.21728894493009	2	3	10	48	"2;1"	"id_052"	0	3	NA	0	0.9	3
12	0.958336935426863	2	9	10	57	"2;1"	"id_052"	0	3	NA	0	0.9	3
13	0.680645387611272	2	-2	10	55	"2;1"	"id_052"	0	3	NA	0	0.9	3
14	0.961090866172749	2	3	10	58	"2;1"	"id_052"	0	3	NA	0	0.9	3
15	0.746983429433567	2	0	10	58	"2;1"	"id_052"	0	3	NA	0	0.9	3
16	0.773422380249675	1	6	10	64	"2;1"	"id_052"	0	3	NA	0	0.9	3
17	0.719240174266534	2	5	10	69	"2;1"	"id_052"	0	3	NA	0	0.9	3
18	0.561323710322301	1	23	10	92	"2;1"	"id_052"	0	3	NA	0	0.9	3
19	0.795392258549904	1	-4	10	88	"2;1"	"id_052"	0	3	NA	0	0.9	3
20	0.804528342890829	2	6	10	94	"2;1"	"id_052"	0	3	NA	0	0.9	3
21	0.584860915811019	2	6	10	100	"2;1"	"id_052"	0	3	NA	0	0.9	3
22	0.614489358173764	2	3	10	103	"2;1"	"id_052"	0	3	NA	0	0.9	3
23	0.95859031250649	2	3	10	106	"2;1"	"id_052"	0	3	NA	0	0.9	3
24	0.708055136110093	2	-1	10	105	"2;1"	"id_052"	0	3	NA	0	0.9	3
25	0.94373364503664	1	7	10	112	"2;1"	"id_052"	0	3	NA	0	0.9	3
1	1.09646671508285	2	2	11	2	"2;1"	"id_052"	0	3	NA	0	0.9	3
2	0.535058596048998	2	-2	11	0	"2;1"	"id_052"	0	3	NA	0	0.9	3
3	0.963248161322204	1	2	11	2	"2;1"	"id_052"	0	3	NA	0	0.9	3
4	0.63120704677948	1	-2	11	0	"2;1"	"id_052"	0	3	NA	0	0.9	3
5	0.685157347690602	1	11	11	11	"2;1"	"id_052"	0	3	NA	0	0.9	3
6	1.0845964049142	1	10	11	21	"2;1"	"id_052"	0	3	NA	0	0.9	3
7	0.729228435129522	2	7	11	28	"2;1"	"id_052"	0	3	NA	0	0.9	3
8	0.712092745154146	2	3	11	31	"2;1"	"id_052"	0	3	NA	0	0.9	3
9	0.5	1	14	11	45	"2;1"	"id_052"	0	3	NA	0	0.9	3
10	0.967126672996584	1	-1	11	44	"2;1"	"id_052"	0	3	NA	0	0.9	3
11	0.694098939512297	1	0	11	44	"2;1"	"id_052"	0	3	NA	0	0.9	3
12	0.5	2	4	11	48	"2;1"	"id_052"	0	3	NA	0	0.9	3
13	0.5	2	5	11	53	"2;1"	"id_052"	0	3	NA	0	0.9	3
14	0.983734743136982	2	4	11	57	"2;1"	"id_052"	0	3	NA	0	0.9	3
15	1.01019747736378	1	-3	11	54	"2;1"	"id_052"	0	3	NA	0	0.9	3
16	1.19108771756779	1	14	11	68	"2;1"	"id_052"	0	3	NA	0	0.9	3
17	0.762217563264387	2	5	11	73	"2;1"	"id_052"	0	3	NA	0	0.9	3
18	0.550389972173123	2	6	11	79	"2;1"	"id_052"	0	3	NA	0	0.9	3
19	0.928358031785219	1	14	11	93	"2;1"	"id_052"	0	3	NA	0	0.9	3
20	0.755400750709622	1	9	11	102	"2;1"	"id_052"	0	3	NA	0	0.9	3
21	0.905370287321664	2	4	11	106	"2;1"	"id_052"	0	3	NA	0	0.9	3
22	0.726480696084977	2	-3	11	103	"2;1"	"id_052"	0	3	NA	0	0.9	3
23	0.540729847155714	1	-5	11	98	"2;1"	"id_052"	0	3	NA	0	0.9	3
24	1.13685243952736	1	-7	11	91	"2;1"	"id_052"	0	3	NA	0	0.9	3
25	0.5	2	0	11	91	"2;1"	"id_052"	0	3	NA	0	0.9	3
