"trial"	"time"	"selection"	"outcome"	"game"	"points.cum"	"option.order"	"workerid"	"goal"	"condition"	"n.goals.reached"	"checkFails"	"payout"	"which.high.ev"
1	0.771631149281421	1	2	1	2	"1;2"	"id_190"	0	1	NA	0	0.81	1
2	0.831762037379664	2	2	1	4	"1;2"	"id_190"	0	1	NA	0	0.81	1
3	0.64027791795469	2	5	1	9	"1;2"	"id_190"	0	1	NA	0	0.81	1
4	0.718548181770972	1	3	1	12	"1;2"	"id_190"	0	1	NA	0	0.81	1
5	0.765678051933873	2	6	1	18	"1;2"	"id_190"	0	1	NA	0	0.81	1
6	0.630132313534053	1	7	1	25	"1;2"	"id_190"	0	1	NA	0	0.81	1
7	0.83752865612126	1	-1	1	24	"1;2"	"id_190"	0	1	NA	0	0.81	1
8	0.946741836307641	2	2	1	26	"1;2"	"id_190"	0	1	NA	0	0.81	1
9	0.944893352332147	2	4	1	30	"1;2"	"id_190"	0	1	NA	0	0.81	1
10	0.69125748699557	1	1	1	31	"1;2"	"id_190"	0	1	NA	0	0.81	1
11	0.5	1	2	1	33	"1;2"	"id_190"	0	1	NA	0	0.81	1
12	0.5	2	5	1	38	"1;2"	"id_190"	0	1	NA	0	0.81	1
13	0.727360536752468	2	3	1	41	"1;2"	"id_190"	0	1	NA	0	0.81	1
14	0.832156459447515	2	5	1	46	"1;2"	"id_190"	0	1	NA	0	0.81	1
15	0.767752211333287	2	6	1	52	"1;2"	"id_190"	0	1	NA	0	0.81	1
16	0.625054099644111	1	-2	1	50	"1;2"	"id_190"	0	1	NA	0	0.81	1
17	1.2514338092817	2	1	1	51	"1;2"	"id_190"	0	1	NA	0	0.81	1
18	0.561783784889541	2	5	1	56	"1;2"	"id_190"	0	1	NA	0	0.81	1
19	0.5	2	4	1	60	"1;2"	"id_190"	0	1	NA	0	0.81	1
20	1.06088515628368	2	5	1	65	"1;2"	"id_190"	0	1	NA	0	0.81	1
1	1.20482783336667	1	-2	2	-2	"1;2"	"id_190"	0	1	NA	0	0.81	1
2	1.06932292482287	1	1	2	-1	"1;2"	"id_190"	0	1	NA	0	0.81	1
3	0.711887210473851	2	-5	2	-6	"1;2"	"id_190"	0	1	NA	0	0.81	1
4	1.03021372814479	1	7	2	1	"1;2"	"id_190"	0	1	NA	0	0.81	1
5	1.07027342363736	1	2	2	3	"1;2"	"id_190"	0	1	NA	0	0.81	1
6	0.610038023563616	1	-3	2	0	"1;2"	"id_190"	0	1	NA	0	0.81	1
7	0.857671401628547	2	15	2	15	"1;2"	"id_190"	0	1	NA	0	0.81	1
8	0.878517678993198	2	-2	2	13	"1;2"	"id_190"	0	1	NA	0	0.81	1
9	0.690991081524479	1	3	2	16	"1;2"	"id_190"	0	1	NA	0	0.81	1
10	0.657129478984857	2	9	2	25	"1;2"	"id_190"	0	1	NA	0	0.81	1
11	1.00009476217129	2	-8	2	17	"1;2"	"id_190"	0	1	NA	0	0.81	1
12	0.5	2	13	2	30	"1;2"	"id_190"	0	1	NA	0	0.81	1
13	0.886854835619119	2	11	2	41	"1;2"	"id_190"	0	1	NA	0	0.81	1
14	1.10559839033515	2	11	2	52	"1;2"	"id_190"	0	1	NA	0	0.81	1
15	1.03393623368607	2	10	2	62	"1;2"	"id_190"	0	1	NA	0	0.81	1
16	0.633154136587062	1	2	2	64	"1;2"	"id_190"	0	1	NA	0	0.81	1
17	0.743759363654367	2	-14	2	50	"1;2"	"id_190"	0	1	NA	0	0.81	1
18	0.85144354061968	1	8	2	58	"1;2"	"id_190"	0	1	NA	0	0.81	1
19	0.5	1	6	2	64	"1;2"	"id_190"	0	1	NA	0	0.81	1
20	1.13272880633311	1	5	2	69	"1;2"	"id_190"	0	1	NA	0	0.81	1
21	1.41472797936354	1	7	2	76	"1;2"	"id_190"	0	1	NA	0	0.81	1
22	0.5	1	3	2	79	"1;2"	"id_190"	0	1	NA	0	0.81	1
23	0.902167678240264	2	-6	2	73	"1;2"	"id_190"	0	1	NA	0	0.81	1
24	0.5	1	1	2	74	"1;2"	"id_190"	0	1	NA	0	0.81	1
25	1.12653722169882	2	-3	2	71	"1;2"	"id_190"	0	1	NA	0	0.81	1
1	0.586321687179696	1	-2	3	-2	"2;1"	"id_190"	0	1	NA	0	0.81	1
2	1.27622678681473	2	3	3	1	"2;1"	"id_190"	0	1	NA	0	0.81	1
3	0.772428495514461	2	3	3	4	"2;1"	"id_190"	0	1	NA	0	0.81	1
4	0.566491310555223	1	14	3	18	"2;1"	"id_190"	0	1	NA	0	0.81	1
5	0.672592596386536	2	1	3	19	"2;1"	"id_190"	0	1	NA	0	0.81	1
6	1.21297695371902	2	3	3	22	"2;1"	"id_190"	0	1	NA	0	0.81	1
7	0.991276539382318	1	10	3	32	"2;1"	"id_190"	0	1	NA	0	0.81	1
8	0.65035816570531	1	17	3	49	"2;1"	"id_190"	0	1	NA	0	0.81	1
9	0.773443683242547	1	14	3	63	"2;1"	"id_190"	0	1	NA	0	0.81	1
10	0.580690968800267	2	2	3	65	"2;1"	"id_190"	0	1	NA	0	0.81	1
11	0.510597624461122	1	-3	3	62	"2;1"	"id_190"	0	1	NA	0	0.81	1
12	0.919938225208546	1	-16	3	46	"2;1"	"id_190"	0	1	NA	0	0.81	1
13	0.889372960487595	1	19	3	65	"2;1"	"id_190"	0	1	NA	0	0.81	1
14	0.991207394551389	1	26	3	91	"2;1"	"id_190"	0	1	NA	0	0.81	1
15	0.853205112984454	1	-16	3	75	"2;1"	"id_190"	0	1	NA	0	0.81	1
16	0.676929988676003	1	-2	3	73	"2;1"	"id_190"	0	1	NA	0	0.81	1
17	0.689834644323532	1	8	3	81	"2;1"	"id_190"	0	1	NA	0	0.81	1
18	1.16307373192606	2	7	3	88	"2;1"	"id_190"	0	1	NA	0	0.81	1
19	0.76012800798289	1	6	3	94	"2;1"	"id_190"	0	1	NA	0	0.81	1
20	1.04186563703432	2	4	3	98	"2;1"	"id_190"	0	1	NA	0	0.81	1
21	0.99014739394311	2	8	3	106	"2;1"	"id_190"	0	1	NA	0	0.81	1
22	0.787224485367906	1	5	3	111	"2;1"	"id_190"	0	1	NA	0	0.81	1
23	0.855178159990513	1	13	3	124	"2;1"	"id_190"	0	1	NA	0	0.81	1
24	0.676836547014299	1	7	3	131	"2;1"	"id_190"	0	1	NA	0	0.81	1
25	0.710747045247474	1	5	3	136	"2;1"	"id_190"	0	1	NA	0	0.81	1
1	0.640744012676748	2	3	4	3	"2;1"	"id_190"	0	1	NA	0	0.81	1
2	0.5	2	5	4	8	"2;1"	"id_190"	0	1	NA	0	0.81	1
3	0.968563983242003	2	4	4	12	"2;1"	"id_190"	0	1	NA	0	0.81	1
4	0.951985302150315	2	7	4	19	"2;1"	"id_190"	0	1	NA	0	0.81	1
5	0.5	2	1	4	20	"2;1"	"id_190"	0	1	NA	0	0.81	1
6	0.984192577463648	2	1	4	21	"2;1"	"id_190"	0	1	NA	0	0.81	1
7	0.732661042339892	2	8	4	29	"2;1"	"id_190"	0	1	NA	0	0.81	1
8	0.85995226727726	2	5	4	34	"2;1"	"id_190"	0	1	NA	0	0.81	1
9	0.884075694847745	2	6	4	40	"2;1"	"id_190"	0	1	NA	0	0.81	1
10	0.992113260966062	1	13	4	53	"2;1"	"id_190"	0	1	NA	0	0.81	1
11	1.18244831229223	2	5	4	58	"2;1"	"id_190"	0	1	NA	0	0.81	1
12	0.576860989537545	1	6	4	64	"2;1"	"id_190"	0	1	NA	0	0.81	1
13	0.63234634915616	1	-8	4	56	"2;1"	"id_190"	0	1	NA	0	0.81	1
14	1.03694812838534	2	4	4	60	"2;1"	"id_190"	0	1	NA	0	0.81	1
15	0.5	1	7	4	67	"2;1"	"id_190"	0	1	NA	0	0.81	1
16	0.5	2	9	4	76	"2;1"	"id_190"	0	1	NA	0	0.81	1
17	1.02998193887897	2	7	4	83	"2;1"	"id_190"	0	1	NA	0	0.81	1
18	1.06759780563479	2	0	4	83	"2;1"	"id_190"	0	1	NA	0	0.81	1
19	1.12896565623969	2	2	4	85	"2;1"	"id_190"	0	1	NA	0	0.81	1
20	0.799068042385198	2	-2	4	83	"2;1"	"id_190"	0	1	NA	0	0.81	1
21	0.84526017154127	1	-17	4	66	"2;1"	"id_190"	0	1	NA	0	0.81	1
22	0.798432265113302	2	0	4	66	"2;1"	"id_190"	0	1	NA	0	0.81	1
23	1.00760705179857	2	5	4	71	"2;1"	"id_190"	0	1	NA	0	0.81	1
24	0.5	2	9	4	80	"2;1"	"id_190"	0	1	NA	0	0.81	1
25	1.09597424716206	2	6	4	86	"2;1"	"id_190"	0	1	NA	0	0.81	1
1	0.692423783399728	1	10	5	10	"2;1"	"id_190"	0	1	NA	0	0.81	1
2	1.0907940267	1	3	5	13	"2;1"	"id_190"	0	1	NA	0	0.81	1
3	0.712461351029409	1	9	5	22	"2;1"	"id_190"	0	1	NA	0	0.81	1
4	1.1605415238374	1	0	5	22	"2;1"	"id_190"	0	1	NA	0	0.81	1
5	0.856523216237126	1	6	5	28	"2;1"	"id_190"	0	1	NA	0	0.81	1
6	0.858807895434503	2	6	5	34	"2;1"	"id_190"	0	1	NA	0	0.81	1
7	1.17887467715543	1	9	5	43	"2;1"	"id_190"	0	1	NA	0	0.81	1
8	1.11899417117029	2	4	5	47	"2;1"	"id_190"	0	1	NA	0	0.81	1
9	1.11561375368058	1	-7	5	40	"2;1"	"id_190"	0	1	NA	0	0.81	1
10	0.890438386923441	2	-1	5	39	"2;1"	"id_190"	0	1	NA	0	0.81	1
11	0.90105809038156	1	8	5	47	"2;1"	"id_190"	0	1	NA	0	0.81	1
12	0.945530086070062	2	4	5	51	"2;1"	"id_190"	0	1	NA	0	0.81	1
13	0.5	1	-18	5	33	"2;1"	"id_190"	0	1	NA	0	0.81	1
14	0.900157968803444	2	-2	5	31	"2;1"	"id_190"	0	1	NA	0	0.81	1
15	0.589751118263888	1	10	5	41	"2;1"	"id_190"	0	1	NA	0	0.81	1
16	1.00011440974632	1	-1	5	40	"2;1"	"id_190"	0	1	NA	0	0.81	1
17	0.896858493088716	2	1	5	41	"2;1"	"id_190"	0	1	NA	0	0.81	1
18	1.36149987919515	2	3	5	44	"2;1"	"id_190"	0	1	NA	0	0.81	1
19	1.12925933462677	2	7	5	51	"2;1"	"id_190"	0	1	NA	0	0.81	1
20	0.89275336264069	2	3	5	54	"2;1"	"id_190"	0	1	NA	0	0.81	1
21	0.706737912485003	2	3	5	57	"2;1"	"id_190"	0	1	NA	0	0.81	1
22	0.5	2	5	5	62	"2;1"	"id_190"	0	1	NA	0	0.81	1
23	0.5	2	7	5	69	"2;1"	"id_190"	0	1	NA	0	0.81	1
24	0.726182661715148	2	4	5	73	"2;1"	"id_190"	0	1	NA	0	0.81	1
25	0.5	2	3	5	76	"2;1"	"id_190"	0	1	NA	0	0.81	1
1	0.730670320958047	2	6	6	6	"2;1"	"id_190"	0	1	NA	0	0.81	1
2	1.09085534393933	2	5	6	11	"2;1"	"id_190"	0	1	NA	0	0.81	1
3	0.980554129809881	2	7	6	18	"2;1"	"id_190"	0	1	NA	0	0.81	1
4	0.825360260823942	2	4	6	22	"2;1"	"id_190"	0	1	NA	0	0.81	1
5	1.0753754022865	2	5	6	27	"2;1"	"id_190"	0	1	NA	0	0.81	1
6	0.5	2	10	6	37	"2;1"	"id_190"	0	1	NA	0	0.81	1
7	0.787613361939648	2	5	6	42	"2;1"	"id_190"	0	1	NA	0	0.81	1
8	0.863448090391917	2	2	6	44	"2;1"	"id_190"	0	1	NA	0	0.81	1
9	0.635098930204827	2	2	6	46	"2;1"	"id_190"	0	1	NA	0	0.81	1
10	0.820863625428944	2	6	6	52	"2;1"	"id_190"	0	1	NA	0	0.81	1
11	0.804002381460364	1	-4	6	48	"2;1"	"id_190"	0	1	NA	0	0.81	1
12	0.5	2	1	6	49	"2;1"	"id_190"	0	1	NA	0	0.81	1
13	0.656599132901406	2	2	6	51	"2;1"	"id_190"	0	1	NA	0	0.81	1
14	1.35703673069933	2	7	6	58	"2;1"	"id_190"	0	1	NA	0	0.81	1
15	0.853990831376563	2	5	6	63	"2;1"	"id_190"	0	1	NA	0	0.81	1
16	1.56141299278141	2	3	6	66	"2;1"	"id_190"	0	1	NA	0	0.81	1
17	0.5	2	6	6	72	"2;1"	"id_190"	0	1	NA	0	0.81	1
18	0.5286360145009	1	-1	6	71	"2;1"	"id_190"	0	1	NA	0	0.81	1
19	0.860830081185491	2	1	6	72	"2;1"	"id_190"	0	1	NA	0	0.81	1
20	1.09399349560898	2	-1	6	71	"2;1"	"id_190"	0	1	NA	0	0.81	1
21	1.04781007457771	1	3	6	74	"2;1"	"id_190"	0	1	NA	0	0.81	1
22	0.5	2	4	6	78	"2;1"	"id_190"	0	1	NA	0	0.81	1
23	0.605450737442053	2	4	6	82	"2;1"	"id_190"	0	1	NA	0	0.81	1
24	0.5	2	3	6	85	"2;1"	"id_190"	0	1	NA	0	0.81	1
25	0.751452413364354	1	2	6	87	"2;1"	"id_190"	0	1	NA	0	0.81	1
1	0.643065618212686	2	2	7	2	"2;1"	"id_190"	0	1	NA	0	0.81	1
2	0.5	2	-1	7	1	"2;1"	"id_190"	0	1	NA	0	0.81	1
3	0.820726779281358	2	0	7	1	"2;1"	"id_190"	0	1	NA	0	0.81	1
4	1.02935240219106	2	-2	7	-1	"2;1"	"id_190"	0	1	NA	0	0.81	1
5	0.5	1	17	7	16	"2;1"	"id_190"	0	1	NA	0	0.81	1
6	0.778553723837656	2	5	7	21	"2;1"	"id_190"	0	1	NA	0	0.81	1
7	0.965536032054115	1	10	7	31	"2;1"	"id_190"	0	1	NA	0	0.81	1
8	0.814757469036195	1	-23	7	8	"2;1"	"id_190"	0	1	NA	0	0.81	1
9	0.934113355502425	1	7	7	15	"2;1"	"id_190"	0	1	NA	0	0.81	1
10	0.948417730508814	2	4	7	19	"2;1"	"id_190"	0	1	NA	0	0.81	1
11	0.508494700803076	2	7	7	26	"2;1"	"id_190"	0	1	NA	0	0.81	1
12	0.524769811998103	2	2	7	28	"2;1"	"id_190"	0	1	NA	0	0.81	1
13	1.01189230536522	2	2	7	30	"2;1"	"id_190"	0	1	NA	0	0.81	1
14	0.966497798355458	2	3	7	33	"2;1"	"id_190"	0	1	NA	0	0.81	1
15	0.503591105818874	2	3	7	36	"2;1"	"id_190"	0	1	NA	0	0.81	1
16	0.640657954001095	2	0	7	36	"2;1"	"id_190"	0	1	NA	0	0.81	1
17	0.689855779661657	1	19	7	55	"2;1"	"id_190"	0	1	NA	0	0.81	1
18	0.922815540516188	1	0	7	55	"2;1"	"id_190"	0	1	NA	0	0.81	1
19	0.5	1	2	7	57	"2;1"	"id_190"	0	1	NA	0	0.81	1
20	1.11594902352128	1	-13	7	44	"2;1"	"id_190"	0	1	NA	0	0.81	1
21	0.737753631134457	2	9	7	53	"2;1"	"id_190"	0	1	NA	0	0.81	1
22	1.28199130089708	2	1	7	54	"2;1"	"id_190"	0	1	NA	0	0.81	1
23	0.998595079600559	2	8	7	62	"2;1"	"id_190"	0	1	NA	0	0.81	1
24	0.5	2	4	7	66	"2;1"	"id_190"	0	1	NA	0	0.81	1
25	0.833336767975508	2	7	7	73	"2;1"	"id_190"	0	1	NA	0	0.81	1
1	0.720526844213854	2	2	8	2	"2;1"	"id_190"	0	1	NA	0	0.81	1
2	0.5	1	14	8	16	"2;1"	"id_190"	0	1	NA	0	0.81	1
3	1.02787798576446	1	-10	8	6	"2;1"	"id_190"	0	1	NA	0	0.81	1
4	1.0458483956954	1	0	8	6	"2;1"	"id_190"	0	1	NA	0	0.81	1
5	1.11887663156889	1	-6	8	0	"2;1"	"id_190"	0	1	NA	0	0.81	1
6	0.906074970362342	2	5	8	5	"2;1"	"id_190"	0	1	NA	0	0.81	1
7	0.670304827729316	1	-7	8	-2	"2;1"	"id_190"	0	1	NA	0	0.81	1
8	1.03553043067209	2	2	8	0	"2;1"	"id_190"	0	1	NA	0	0.81	1
9	0.514907128944632	2	-1	8	-1	"2;1"	"id_190"	0	1	NA	0	0.81	1
10	1.21924611667236	1	-21	8	-22	"2;1"	"id_190"	0	1	NA	0	0.81	1
11	0.554674889449975	2	5	8	-17	"2;1"	"id_190"	0	1	NA	0	0.81	1
12	0.857372033096109	2	5	8	-12	"2;1"	"id_190"	0	1	NA	0	0.81	1
13	1.00714645594127	2	10	8	-2	"2;1"	"id_190"	0	1	NA	0	0.81	1
14	1.11357292335986	2	6	8	4	"2;1"	"id_190"	0	1	NA	0	0.81	1
15	0.898711474563473	2	7	8	11	"2;1"	"id_190"	0	1	NA	0	0.81	1
16	0.5	2	-4	8	7	"2;1"	"id_190"	0	1	NA	0	0.81	1
17	0.954229216132039	1	14	8	21	"2;1"	"id_190"	0	1	NA	0	0.81	1
18	0.563606655992719	2	2	8	23	"2;1"	"id_190"	0	1	NA	0	0.81	1
19	0.866144897239583	2	4	8	27	"2;1"	"id_190"	0	1	NA	0	0.81	1
20	0.778262280816006	2	5	8	32	"2;1"	"id_190"	0	1	NA	0	0.81	1
21	0.5	2	2	8	34	"2;1"	"id_190"	0	1	NA	0	0.81	1
22	0.5	2	8	8	42	"2;1"	"id_190"	0	1	NA	0	0.81	1
23	0.511776522418799	2	1	8	43	"2;1"	"id_190"	0	1	NA	0	0.81	1
24	0.681264381906796	1	-2	8	41	"2;1"	"id_190"	0	1	NA	0	0.81	1
25	0.541651053862075	2	3	8	44	"2;1"	"id_190"	0	1	NA	0	0.81	1
1	1.32153752154834	2	20	9	20	"1;2"	"id_190"	0	1	NA	0	0.81	1
2	0.960048006082261	2	11	9	31	"1;2"	"id_190"	0	1	NA	0	0.81	1
3	0.809581048859278	2	16	9	47	"1;2"	"id_190"	0	1	NA	0	0.81	1
4	0.758075762794876	2	-15	9	32	"1;2"	"id_190"	0	1	NA	0	0.81	1
5	0.5	2	7	9	39	"1;2"	"id_190"	0	1	NA	0	0.81	1
6	0.909700437279062	2	-4	9	35	"1;2"	"id_190"	0	1	NA	0	0.81	1
7	0.757734817501976	2	10	9	45	"1;2"	"id_190"	0	1	NA	0	0.81	1
8	0.648913964016286	2	20	9	65	"1;2"	"id_190"	0	1	NA	0	0.81	1
9	1.2146636288559	1	3	9	68	"1;2"	"id_190"	0	1	NA	0	0.81	1
10	0.904083743655688	2	-11	9	57	"1;2"	"id_190"	0	1	NA	0	0.81	1
11	1.24265728753207	2	-7	9	50	"1;2"	"id_190"	0	1	NA	0	0.81	1
12	0.81998881348488	1	3	9	53	"1;2"	"id_190"	0	1	NA	0	0.81	1
13	0.94273600898772	2	7	9	60	"1;2"	"id_190"	0	1	NA	0	0.81	1
14	0.651433437356461	2	-13	9	47	"1;2"	"id_190"	0	1	NA	0	0.81	1
15	1.15879763303255	2	-25	9	22	"1;2"	"id_190"	0	1	NA	0	0.81	1
16	0.761135519374807	1	5	9	27	"1;2"	"id_190"	0	1	NA	0	0.81	1
17	0.663067379911014	1	2	9	29	"1;2"	"id_190"	0	1	NA	0	0.81	1
18	1.27364258603809	1	2	9	31	"1;2"	"id_190"	0	1	NA	0	0.81	1
19	0.5	2	10	9	41	"1;2"	"id_190"	0	1	NA	0	0.81	1
20	0.766274365117889	1	5	9	46	"1;2"	"id_190"	0	1	NA	0	0.81	1
21	0.813719692890521	2	16	9	62	"1;2"	"id_190"	0	1	NA	0	0.81	1
22	1.01793226730115	1	5	9	67	"1;2"	"id_190"	0	1	NA	0	0.81	1
23	0.920686232643978	1	3	9	70	"1;2"	"id_190"	0	1	NA	0	0.81	1
24	1.21777727493281	1	6	9	76	"1;2"	"id_190"	0	1	NA	0	0.81	1
25	0.862645975705245	1	7	9	83	"1;2"	"id_190"	0	1	NA	0	0.81	1
1	0.909608626325647	1	6	10	6	"1;2"	"id_190"	0	1	NA	0	0.81	1
2	1.03346401841508	2	9	10	15	"1;2"	"id_190"	0	1	NA	0	0.81	1
3	0.713365370519901	1	8	10	23	"1;2"	"id_190"	0	1	NA	0	0.81	1
4	0.934742395907244	2	13	10	36	"1;2"	"id_190"	0	1	NA	0	0.81	1
5	0.693869427452331	2	5	10	41	"1;2"	"id_190"	0	1	NA	0	0.81	1
6	0.791895996845499	2	-4	10	37	"1;2"	"id_190"	0	1	NA	0	0.81	1
7	0.671976220177811	2	0	10	37	"1;2"	"id_190"	0	1	NA	0	0.81	1
8	1.14616642938575	1	3	10	40	"1;2"	"id_190"	0	1	NA	0	0.81	1
9	0.790780027316614	1	5	10	45	"1;2"	"id_190"	0	1	NA	0	0.81	1
10	0.5	2	-4	10	41	"1;2"	"id_190"	0	1	NA	0	0.81	1
11	0.5	1	0	10	41	"1;2"	"id_190"	0	1	NA	0	0.81	1
12	1.00991519715955	2	15	10	56	"1;2"	"id_190"	0	1	NA	0	0.81	1
13	0.699445892577128	1	4	10	60	"1;2"	"id_190"	0	1	NA	0	0.81	1
14	0.812607339246991	2	4	10	64	"1;2"	"id_190"	0	1	NA	0	0.81	1
15	0.848582710932853	2	9	10	73	"1;2"	"id_190"	0	1	NA	0	0.81	1
16	1.33781808868003	2	-10	10	63	"1;2"	"id_190"	0	1	NA	0	0.81	1
17	0.93502283231516	1	-1	10	62	"1;2"	"id_190"	0	1	NA	0	0.81	1
18	0.569832555624874	1	6	10	68	"1;2"	"id_190"	0	1	NA	0	0.81	1
19	0.773320202742599	1	2	10	70	"1;2"	"id_190"	0	1	NA	0	0.81	1
20	0.819786158398371	1	2	10	72	"1;2"	"id_190"	0	1	NA	0	0.81	1
21	0.780579423778823	1	7	10	79	"1;2"	"id_190"	0	1	NA	0	0.81	1
22	0.889134442120365	1	2	10	81	"1;2"	"id_190"	0	1	NA	0	0.81	1
23	0.805678274536739	1	3	10	84	"1;2"	"id_190"	0	1	NA	0	0.81	1
24	0.636128800332373	1	5	10	89	"1;2"	"id_190"	0	1	NA	0	0.81	1
25	1.11595621777189	1	2	10	91	"1;2"	"id_190"	0	1	NA	0	0.81	1
1	1.32261564661113	1	13	11	13	"2;1"	"id_190"	0	1	NA	0	0.81	1
2	1.02947625910801	1	1	11	14	"2;1"	"id_190"	0	1	NA	0	0.81	1
3	0.826083121297461	2	3	11	17	"2;1"	"id_190"	0	1	NA	0	0.81	1
4	0.765820317826095	1	-7	11	10	"2;1"	"id_190"	0	1	NA	0	0.81	1
5	1.11153021033975	2	7	11	17	"2;1"	"id_190"	0	1	NA	0	0.81	1
6	1.14960730831082	1	16	11	33	"2;1"	"id_190"	0	1	NA	0	0.81	1
7	0.567107340870213	2	4	11	37	"2;1"	"id_190"	0	1	NA	0	0.81	1
8	1.0217315010718	1	21	11	58	"2;1"	"id_190"	0	1	NA	0	0.81	1
9	0.86104906694659	1	2	11	60	"2;1"	"id_190"	0	1	NA	0	0.81	1
10	1.27247409418795	2	4	11	64	"2;1"	"id_190"	0	1	NA	0	0.81	1
11	0.904845428563973	2	3	11	67	"2;1"	"id_190"	0	1	NA	0	0.81	1
12	1.2107961549572	1	2	11	69	"2;1"	"id_190"	0	1	NA	0	0.81	1
13	0.621568426218035	1	-8	11	61	"2;1"	"id_190"	0	1	NA	0	0.81	1
14	0.88249023168454	2	9	11	70	"2;1"	"id_190"	0	1	NA	0	0.81	1
15	1.25906381416478	2	1	11	71	"2;1"	"id_190"	0	1	NA	0	0.81	1
16	0.675692169531584	2	2	11	73	"2;1"	"id_190"	0	1	NA	0	0.81	1
17	0.80481711549191	1	8	11	81	"2;1"	"id_190"	0	1	NA	0	0.81	1
18	1.4906421905997	1	3	11	84	"2;1"	"id_190"	0	1	NA	0	0.81	1
19	0.956846458007483	2	2	11	86	"2;1"	"id_190"	0	1	NA	0	0.81	1
20	0.652715951127649	1	11	11	97	"2;1"	"id_190"	0	1	NA	0	0.81	1
21	0.89098852196331	1	-7	11	90	"2;1"	"id_190"	0	1	NA	0	0.81	1
22	0.850993002878204	1	18	11	108	"2;1"	"id_190"	0	1	NA	0	0.81	1
23	0.711914459180437	1	6	11	114	"2;1"	"id_190"	0	1	NA	0	0.81	1
24	1.14443698311936	1	3	11	117	"2;1"	"id_190"	0	1	NA	0	0.81	1
25	0.555508395664819	1	-6	11	111	"2;1"	"id_190"	0	1	NA	0	0.81	1
