"trial"	"time"	"selection"	"outcome"	"game"	"points.cum"	"option.order"	"workerid"	"goal"	"condition"	"n.goals.reached"	"checkFails"	"payout"	"which.high.ev"
1	0.5	2	4	1	4	"1;2"	"id_355"	100	4	3	0	0.6	3
2	0.847528485288369	1	6	1	10	"1;2"	"id_355"	100	4	3	0	0.6	3
3	0.629783265378289	1	0	1	10	"1;2"	"id_355"	100	4	3	0	0.6	3
4	0.826115998210537	1	2	1	12	"1;2"	"id_355"	100	4	3	0	0.6	3
5	1.16607813635884	1	6	1	18	"1;2"	"id_355"	100	4	3	0	0.6	3
6	0.942232799114208	1	4	1	22	"1;2"	"id_355"	100	4	3	0	0.6	3
7	1.02446053221109	1	3	1	25	"1;2"	"id_355"	100	4	3	0	0.6	3
8	0.62880412423919	1	3	1	28	"1;2"	"id_355"	100	4	3	0	0.6	3
9	0.825660932513848	1	2	1	30	"1;2"	"id_355"	100	4	3	0	0.6	3
10	1.04483075133988	1	1	1	31	"1;2"	"id_355"	100	4	3	0	0.6	3
11	0.776287632691012	1	2	1	33	"1;2"	"id_355"	100	4	3	0	0.6	3
12	0.50461091335676	1	0	1	33	"1;2"	"id_355"	100	4	3	0	0.6	3
13	1.05412469090669	1	4	1	37	"1;2"	"id_355"	100	4	3	0	0.6	3
14	0.642239021370785	2	2	1	39	"1;2"	"id_355"	100	4	3	0	0.6	3
15	0.736697601853156	1	5	1	44	"1;2"	"id_355"	100	4	3	0	0.6	3
16	0.850232130956467	2	4	1	48	"1;2"	"id_355"	100	4	3	0	0.6	3
17	1.28424524265091	1	2	1	50	"1;2"	"id_355"	100	4	3	0	0.6	3
18	0.779559384809927	2	6	1	56	"1;2"	"id_355"	100	4	3	0	0.6	3
19	0.5	1	4	1	60	"1;2"	"id_355"	100	4	3	0	0.6	3
20	1.0413706597087	2	6	1	66	"1;2"	"id_355"	100	4	3	0	0.6	3
1	0.708544889810122	2	4	2	4	"2;1"	"id_355"	100	4	3	0	0.6	3
2	0.699168099449299	2	5	2	9	"2;1"	"id_355"	100	4	3	0	0.6	3
3	0.976897082028943	2	4	2	13	"2;1"	"id_355"	100	4	3	0	0.6	3
4	1.09903078537412	2	7	2	20	"2;1"	"id_355"	100	4	3	0	0.6	3
5	1.17156655520916	2	0	2	20	"2;1"	"id_355"	100	4	3	0	0.6	3
6	0.667224037913217	2	9	2	29	"2;1"	"id_355"	100	4	3	0	0.6	3
7	1.0965860013654	2	4	2	33	"2;1"	"id_355"	100	4	3	0	0.6	3
8	0.950505095183974	2	3	2	36	"2;1"	"id_355"	100	4	3	0	0.6	3
9	1.08601706480432	1	-7	2	29	"2;1"	"id_355"	100	4	3	0	0.6	3
10	0.655747087463001	2	3	2	32	"2;1"	"id_355"	100	4	3	0	0.6	3
11	0.638023883936295	2	4	2	36	"2;1"	"id_355"	100	4	3	0	0.6	3
12	0.818241761476648	2	-2	2	34	"2;1"	"id_355"	100	4	3	0	0.6	3
13	0.5	2	5	2	39	"2;1"	"id_355"	100	4	3	0	0.6	3
14	1.072786301819	2	4	2	43	"2;1"	"id_355"	100	4	3	0	0.6	3
15	0.751938746063317	1	9	2	52	"2;1"	"id_355"	100	4	3	0	0.6	3
16	0.886041940532547	2	5	2	57	"2;1"	"id_355"	100	4	3	0	0.6	3
17	0.56946972607573	1	-15	2	42	"2;1"	"id_355"	100	4	3	0	0.6	3
18	1.20212025300233	2	3	2	45	"2;1"	"id_355"	100	4	3	0	0.6	3
19	0.811746889517766	1	7	2	52	"2;1"	"id_355"	100	4	3	0	0.6	3
20	0.5	1	13	2	65	"2;1"	"id_355"	100	4	3	0	0.6	3
21	0.760209858992321	1	21	2	86	"2;1"	"id_355"	100	4	3	0	0.6	3
22	0.526882605054152	1	21	2	107	"2;1"	"id_355"	100	4	3	0	0.6	3
23	0.878427190168214	2	7	2	114	"2;1"	"id_355"	100	4	3	0	0.6	3
24	0.875889580748281	2	3	2	117	"2;1"	"id_355"	100	4	3	0	0.6	3
25	0.5	1	10	2	127	"2;1"	"id_355"	100	4	3	0	0.6	3
1	0.898876142991933	1	1	3	1	"1;2"	"id_355"	100	4	3	0	0.6	3
2	0.666211872817243	1	5	3	6	"1;2"	"id_355"	100	4	3	0	0.6	3
3	0.736892619218335	1	4	3	10	"1;2"	"id_355"	100	4	3	0	0.6	3
4	0.738605998220308	1	4	3	14	"1;2"	"id_355"	100	4	3	0	0.6	3
5	0.976630890470194	2	-8	3	6	"1;2"	"id_355"	100	4	3	0	0.6	3
6	0.5	2	-1	3	5	"1;2"	"id_355"	100	4	3	0	0.6	3
7	0.612444275118274	1	7	3	12	"1;2"	"id_355"	100	4	3	0	0.6	3
8	0.765800358746836	2	22	3	34	"1;2"	"id_355"	100	4	3	0	0.6	3
9	0.74684635883261	2	1	3	35	"1;2"	"id_355"	100	4	3	0	0.6	3
10	1.27209421913135	1	-1	3	34	"1;2"	"id_355"	100	4	3	0	0.6	3
11	0.722712124871162	2	5	3	39	"1;2"	"id_355"	100	4	3	0	0.6	3
12	0.5	2	0	3	39	"1;2"	"id_355"	100	4	3	0	0.6	3
13	1.16445385769633	2	5	3	44	"1;2"	"id_355"	100	4	3	0	0.6	3
14	0.68994233770476	2	0	3	44	"1;2"	"id_355"	100	4	3	0	0.6	3
15	0.5	1	6	3	50	"1;2"	"id_355"	100	4	3	0	0.6	3
16	0.772407016042735	2	-14	3	36	"1;2"	"id_355"	100	4	3	0	0.6	3
17	0.5	1	6	3	42	"1;2"	"id_355"	100	4	3	0	0.6	3
18	0.72311684979248	2	-19	3	23	"1;2"	"id_355"	100	4	3	0	0.6	3
19	0.80338237713685	2	2	3	25	"1;2"	"id_355"	100	4	3	0	0.6	3
20	0.522402064750618	2	8	3	33	"1;2"	"id_355"	100	4	3	0	0.6	3
21	0.5	2	-6	3	27	"1;2"	"id_355"	100	4	3	0	0.6	3
22	1.24184630699971	2	9	3	36	"1;2"	"id_355"	100	4	3	0	0.6	3
23	0.926496579474262	1	5	3	41	"1;2"	"id_355"	100	4	3	0	0.6	3
24	0.589744940762904	2	-13	3	28	"1;2"	"id_355"	100	4	3	0	0.6	3
25	0.899959361586206	1	4	3	32	"1;2"	"id_355"	100	4	3	0	0.6	3
1	0.709490049263786	2	4	4	4	"2;1"	"id_355"	100	4	3	0	0.6	3
2	0.604504527380001	1	7	4	11	"2;1"	"id_355"	100	4	3	0	0.6	3
3	0.675793150129515	1	-16	4	-5	"2;1"	"id_355"	100	4	3	0	0.6	3
4	0.70673656111871	1	-3	4	-8	"2;1"	"id_355"	100	4	3	0	0.6	3
5	0.5	1	-3	4	-11	"2;1"	"id_355"	100	4	3	0	0.6	3
6	0.708346936263732	1	-10	4	-21	"2;1"	"id_355"	100	4	3	0	0.6	3
7	1.00540054130041	1	-2	4	-23	"2;1"	"id_355"	100	4	3	0	0.6	3
8	0.5	1	23	4	0	"2;1"	"id_355"	100	4	3	0	0.6	3
9	0.997463253997623	2	3	4	3	"2;1"	"id_355"	100	4	3	0	0.6	3
10	0.86273445488818	1	13	4	16	"2;1"	"id_355"	100	4	3	0	0.6	3
11	1.12836995991277	2	7	4	23	"2;1"	"id_355"	100	4	3	0	0.6	3
12	0.950454544917536	2	3	4	26	"2;1"	"id_355"	100	4	3	0	0.6	3
13	0.5	1	-9	4	17	"2;1"	"id_355"	100	4	3	0	0.6	3
14	1.32292298201607	2	0	4	17	"2;1"	"id_355"	100	4	3	0	0.6	3
15	0.62606896923375	1	1	4	18	"2;1"	"id_355"	100	4	3	0	0.6	3
16	0.633782164999801	2	6	4	24	"2;1"	"id_355"	100	4	3	0	0.6	3
17	0.636704766604206	1	2	4	26	"2;1"	"id_355"	100	4	3	0	0.6	3
18	0.955731342328564	1	8	4	34	"2;1"	"id_355"	100	4	3	0	0.6	3
19	0.611947082372275	2	-1	4	33	"2;1"	"id_355"	100	4	3	0	0.6	3
20	1.16869327241511	1	14	4	47	"2;1"	"id_355"	100	4	3	0	0.6	3
21	0.643768095703802	1	-19	4	28	"2;1"	"id_355"	100	4	3	0	0.6	3
22	0.5	2	2	4	30	"2;1"	"id_355"	100	4	3	0	0.6	3
23	0.69525532733627	1	5	4	35	"2;1"	"id_355"	100	4	3	0	0.6	3
24	0.779138137383479	2	7	4	42	"2;1"	"id_355"	100	4	3	0	0.6	3
25	1.24342074646294	2	4	4	46	"2;1"	"id_355"	100	4	3	0	0.6	3
1	1.08709076742974	2	6	5	6	"2;1"	"id_355"	100	4	3	0	0.6	3
2	0.652284719813367	2	4	5	10	"2;1"	"id_355"	100	4	3	0	0.6	3
3	0.684818292567134	2	-1	5	9	"2;1"	"id_355"	100	4	3	0	0.6	3
4	0.623109125281479	2	3	5	12	"2;1"	"id_355"	100	4	3	0	0.6	3
5	1.02283564204069	2	5	5	17	"2;1"	"id_355"	100	4	3	0	0.6	3
6	0.960689992255245	2	1	5	18	"2;1"	"id_355"	100	4	3	0	0.6	3
7	1.15113620829484	2	1	5	19	"2;1"	"id_355"	100	4	3	0	0.6	3
8	0.991570525424714	1	-9	5	10	"2;1"	"id_355"	100	4	3	0	0.6	3
9	0.747694423732654	2	8	5	18	"2;1"	"id_355"	100	4	3	0	0.6	3
10	0.5	2	6	5	24	"2;1"	"id_355"	100	4	3	0	0.6	3
11	0.767554830607839	1	-6	5	18	"2;1"	"id_355"	100	4	3	0	0.6	3
12	0.761763808928724	2	1	5	19	"2;1"	"id_355"	100	4	3	0	0.6	3
13	0.896626754765118	2	3	5	22	"2;1"	"id_355"	100	4	3	0	0.6	3
14	1.10959261200029	2	4	5	26	"2;1"	"id_355"	100	4	3	0	0.6	3
15	0.656731081726401	1	18	5	44	"2;1"	"id_355"	100	4	3	0	0.6	3
16	0.838855497889644	1	1	5	45	"2;1"	"id_355"	100	4	3	0	0.6	3
17	0.909625439194314	2	6	5	51	"2;1"	"id_355"	100	4	3	0	0.6	3
18	0.5	1	1	5	52	"2;1"	"id_355"	100	4	3	0	0.6	3
19	0.65893927608224	1	-4	5	48	"2;1"	"id_355"	100	4	3	0	0.6	3
20	0.510786469404104	1	10	5	58	"2;1"	"id_355"	100	4	3	0	0.6	3
21	0.637214002979651	2	7	5	65	"2;1"	"id_355"	100	4	3	0	0.6	3
22	0.5	1	3	5	68	"2;1"	"id_355"	100	4	3	0	0.6	3
23	0.840747062186934	1	-13	5	55	"2;1"	"id_355"	100	4	3	0	0.6	3
24	0.592339060147211	2	5	5	60	"2;1"	"id_355"	100	4	3	0	0.6	3
25	0.5	1	7	5	67	"2;1"	"id_355"	100	4	3	0	0.6	3
1	0.5	1	-1	6	-1	"2;1"	"id_355"	100	4	3	0	0.6	3
2	0.5	2	6	6	5	"2;1"	"id_355"	100	4	3	0	0.6	3
3	0.964886239520741	1	3	6	8	"2;1"	"id_355"	100	4	3	0	0.6	3
4	1.14117565762128	1	5	6	13	"2;1"	"id_355"	100	4	3	0	0.6	3
5	1.1098684959789	1	-15	6	-2	"2;1"	"id_355"	100	4	3	0	0.6	3
6	0.924968561746318	1	17	6	15	"2;1"	"id_355"	100	4	3	0	0.6	3
7	0.5	1	-10	6	5	"2;1"	"id_355"	100	4	3	0	0.6	3
8	0.603233094447126	1	5	6	10	"2;1"	"id_355"	100	4	3	0	0.6	3
9	0.794101112130569	1	-18	6	-8	"2;1"	"id_355"	100	4	3	0	0.6	3
10	0.84354641989153	1	-3	6	-11	"2;1"	"id_355"	100	4	3	0	0.6	3
11	0.821542603381202	1	-23	6	-34	"2;1"	"id_355"	100	4	3	0	0.6	3
12	0.5	1	24	6	-10	"2;1"	"id_355"	100	4	3	0	0.6	3
13	0.650721903883913	1	-2	6	-12	"2;1"	"id_355"	100	4	3	0	0.6	3
14	0.938186590552907	1	16	6	4	"2;1"	"id_355"	100	4	3	0	0.6	3
15	0.5	1	8	6	12	"2;1"	"id_355"	100	4	3	0	0.6	3
16	0.769321013894848	1	15	6	27	"2;1"	"id_355"	100	4	3	0	0.6	3
17	0.5	1	-9	6	18	"2;1"	"id_355"	100	4	3	0	0.6	3
18	0.860857345305805	1	7	6	25	"2;1"	"id_355"	100	4	3	0	0.6	3
19	1.27726071624339	1	-3	6	22	"2;1"	"id_355"	100	4	3	0	0.6	3
20	0.652205317000011	1	6	6	28	"2;1"	"id_355"	100	4	3	0	0.6	3
21	1.00897744240309	2	0	6	28	"2;1"	"id_355"	100	4	3	0	0.6	3
22	0.922833061024004	1	29	6	57	"2;1"	"id_355"	100	4	3	0	0.6	3
23	0.578242790691167	1	-2	6	55	"2;1"	"id_355"	100	4	3	0	0.6	3
24	0.560065323959692	1	21	6	76	"2;1"	"id_355"	100	4	3	0	0.6	3
25	1.01025837208501	1	10	6	86	"2;1"	"id_355"	100	4	3	0	0.6	3
1	0.786800367672709	2	6	7	6	"2;1"	"id_355"	100	4	3	0	0.6	3
2	0.965950818901287	1	-13	7	-7	"2;1"	"id_355"	100	4	3	0	0.6	3
3	0.584987846376874	2	5	7	-2	"2;1"	"id_355"	100	4	3	0	0.6	3
4	1.03987168926988	2	5	7	3	"2;1"	"id_355"	100	4	3	0	0.6	3
5	0.887718934752727	2	4	7	7	"2;1"	"id_355"	100	4	3	0	0.6	3
6	0.779015275929767	2	3	7	10	"2;1"	"id_355"	100	4	3	0	0.6	3
7	1.01723158117042	1	11	7	21	"2;1"	"id_355"	100	4	3	0	0.6	3
8	1.08232977107277	1	0	7	21	"2;1"	"id_355"	100	4	3	0	0.6	3
9	1.01592231761641	1	-6	7	15	"2;1"	"id_355"	100	4	3	0	0.6	3
10	0.861701226222664	1	-2	7	13	"2;1"	"id_355"	100	4	3	0	0.6	3
11	0.90772626561979	1	4	7	17	"2;1"	"id_355"	100	4	3	0	0.6	3
12	0.837984854940271	2	2	7	19	"2;1"	"id_355"	100	4	3	0	0.6	3
13	0.912046276768692	1	19	7	38	"2;1"	"id_355"	100	4	3	0	0.6	3
14	1.04868882258112	1	-10	7	28	"2;1"	"id_355"	100	4	3	0	0.6	3
15	1.23675544583588	1	3	7	31	"2;1"	"id_355"	100	4	3	0	0.6	3
16	1.0490514992196	1	-5	7	26	"2;1"	"id_355"	100	4	3	0	0.6	3
17	1.0949194423305	1	3	7	29	"2;1"	"id_355"	100	4	3	0	0.6	3
18	0.868522617082279	2	5	7	34	"2;1"	"id_355"	100	4	3	0	0.6	3
19	0.644894136667271	1	-1	7	33	"2;1"	"id_355"	100	4	3	0	0.6	3
20	0.675316165117444	1	6	7	39	"2;1"	"id_355"	100	4	3	0	0.6	3
21	1.03524088325959	1	-13	7	26	"2;1"	"id_355"	100	4	3	0	0.6	3
22	0.670774052670801	1	-1	7	25	"2;1"	"id_355"	100	4	3	0	0.6	3
23	1.17494098076924	2	0	7	25	"2;1"	"id_355"	100	4	3	0	0.6	3
24	0.509811248816725	1	-11	7	14	"2;1"	"id_355"	100	4	3	0	0.6	3
25	0.742403402711708	1	2	7	16	"2;1"	"id_355"	100	4	3	0	0.6	3
1	0.64830281721233	2	5	8	5	"1;2"	"id_355"	100	4	3	0	0.6	3
2	0.951735214292869	2	9	8	14	"1;2"	"id_355"	100	4	3	0	0.6	3
3	0.893009725927906	2	-1	8	13	"1;2"	"id_355"	100	4	3	0	0.6	3
4	0.884398176465487	2	-11	8	2	"1;2"	"id_355"	100	4	3	0	0.6	3
5	1.06945494418589	1	4	8	6	"1;2"	"id_355"	100	4	3	0	0.6	3
6	1.07353116016556	1	-1	8	5	"1;2"	"id_355"	100	4	3	0	0.6	3
7	0.794414573768429	2	-5	8	0	"1;2"	"id_355"	100	4	3	0	0.6	3
8	0.721780001112682	2	-8	8	-8	"1;2"	"id_355"	100	4	3	0	0.6	3
9	0.5	2	-4	8	-12	"1;2"	"id_355"	100	4	3	0	0.6	3
10	0.945424061182904	2	6	8	-6	"1;2"	"id_355"	100	4	3	0	0.6	3
11	0.8424607219881	2	1	8	-5	"1;2"	"id_355"	100	4	3	0	0.6	3
12	0.692481400379281	1	2	8	-3	"1;2"	"id_355"	100	4	3	0	0.6	3
13	0.600867704494801	2	-11	8	-14	"1;2"	"id_355"	100	4	3	0	0.6	3
14	0.874257081675848	1	8	8	-6	"1;2"	"id_355"	100	4	3	0	0.6	3
15	1.22864311170131	1	-2	8	-8	"1;2"	"id_355"	100	4	3	0	0.6	3
16	0.849611809898226	1	2	8	-6	"1;2"	"id_355"	100	4	3	0	0.6	3
17	0.960471782986109	2	14	8	8	"1;2"	"id_355"	100	4	3	0	0.6	3
18	0.5	2	5	8	13	"1;2"	"id_355"	100	4	3	0	0.6	3
19	1.02448727382972	2	19	8	32	"1;2"	"id_355"	100	4	3	0	0.6	3
20	0.5	2	1	8	33	"1;2"	"id_355"	100	4	3	0	0.6	3
21	1.01761617275723	2	10	8	43	"1;2"	"id_355"	100	4	3	0	0.6	3
22	0.858591728609138	2	-1	8	42	"1;2"	"id_355"	100	4	3	0	0.6	3
23	0.5	1	6	8	48	"1;2"	"id_355"	100	4	3	0	0.6	3
24	0.987345720211268	2	3	8	51	"1;2"	"id_355"	100	4	3	0	0.6	3
25	0.944049788070367	2	-4	8	47	"1;2"	"id_355"	100	4	3	0	0.6	3
1	0.518607637367172	1	-1	9	-1	"1;2"	"id_355"	100	4	3	0	0.6	3
2	0.699355462556986	2	21	9	20	"1;2"	"id_355"	100	4	3	0	0.6	3
3	0.581931545737014	2	13	9	33	"1;2"	"id_355"	100	4	3	0	0.6	3
4	0.502611105294627	1	4	9	37	"1;2"	"id_355"	100	4	3	0	0.6	3
5	0.5	2	-2	9	35	"1;2"	"id_355"	100	4	3	0	0.6	3
6	0.810982031408264	2	0	9	35	"1;2"	"id_355"	100	4	3	0	0.6	3
7	0.815932860862527	2	14	9	49	"1;2"	"id_355"	100	4	3	0	0.6	3
8	0.990114241576284	2	-12	9	37	"1;2"	"id_355"	100	4	3	0	0.6	3
9	0.787801569358962	2	-8	9	29	"1;2"	"id_355"	100	4	3	0	0.6	3
10	0.645606017672072	2	1	9	30	"1;2"	"id_355"	100	4	3	0	0.6	3
11	0.569668856256466	2	11	9	41	"1;2"	"id_355"	100	4	3	0	0.6	3
12	0.5	1	5	9	46	"1;2"	"id_355"	100	4	3	0	0.6	3
13	0.696235028231456	1	10	9	56	"1;2"	"id_355"	100	4	3	0	0.6	3
14	0.655165828420372	1	0	9	56	"1;2"	"id_355"	100	4	3	0	0.6	3
15	0.955745080092484	2	-13	9	43	"1;2"	"id_355"	100	4	3	0	0.6	3
16	0.819382253186404	2	-1	9	42	"1;2"	"id_355"	100	4	3	0	0.6	3
17	0.679072239452547	2	17	9	59	"1;2"	"id_355"	100	4	3	0	0.6	3
18	0.675808597358652	2	25	9	84	"1;2"	"id_355"	100	4	3	0	0.6	3
19	1.12498648672231	2	7	9	91	"1;2"	"id_355"	100	4	3	0	0.6	3
20	0.5	2	-5	9	86	"1;2"	"id_355"	100	4	3	0	0.6	3
21	0.873016960340767	2	0	9	86	"1;2"	"id_355"	100	4	3	0	0.6	3
22	0.929257061271285	2	-7	9	79	"1;2"	"id_355"	100	4	3	0	0.6	3
23	0.887991673385962	1	6	9	85	"1;2"	"id_355"	100	4	3	0	0.6	3
24	1.06319120977927	2	7	9	92	"1;2"	"id_355"	100	4	3	0	0.6	3
25	0.604336950310196	1	0	9	92	"1;2"	"id_355"	100	4	3	0	0.6	3
1	0.630225436472505	1	14	10	14	"2;1"	"id_355"	100	4	3	0	0.6	3
2	0.933073585405076	1	21	10	35	"2;1"	"id_355"	100	4	3	0	0.6	3
3	1.21949192512159	1	5	10	40	"2;1"	"id_355"	100	4	3	0	0.6	3
4	1.03062860022694	1	26	10	66	"2;1"	"id_355"	100	4	3	0	0.6	3
5	1.07931644075219	2	6	10	72	"2;1"	"id_355"	100	4	3	0	0.6	3
6	0.849937249441795	1	-1	10	71	"2;1"	"id_355"	100	4	3	0	0.6	3
7	0.579135501041013	1	-13	10	58	"2;1"	"id_355"	100	4	3	0	0.6	3
8	0.526787375880881	1	4	10	62	"2;1"	"id_355"	100	4	3	0	0.6	3
9	1.32642591934515	2	6	10	68	"2;1"	"id_355"	100	4	3	0	0.6	3
10	0.5	2	7	10	75	"2;1"	"id_355"	100	4	3	0	0.6	3
11	0.967041474166339	2	6	10	81	"2;1"	"id_355"	100	4	3	0	0.6	3
12	0.997235703831348	2	6	10	87	"2;1"	"id_355"	100	4	3	0	0.6	3
13	0.565786821812943	2	2	10	89	"2;1"	"id_355"	100	4	3	0	0.6	3
14	1.04000681011227	2	6	10	95	"2;1"	"id_355"	100	4	3	0	0.6	3
15	0.503958770426256	2	5	10	100	"2;1"	"id_355"	100	4	3	0	0.6	3
16	0.858040477390988	2	2	10	102	"2;1"	"id_355"	100	4	3	0	0.6	3
17	1.12037154653907	2	6	10	108	"2;1"	"id_355"	100	4	3	0	0.6	3
18	0.852133572530597	2	3	10	111	"2;1"	"id_355"	100	4	3	0	0.6	3
19	0.909437113186106	2	5	10	116	"2;1"	"id_355"	100	4	3	0	0.6	3
20	0.969879380945442	2	8	10	124	"2;1"	"id_355"	100	4	3	0	0.6	3
21	0.980049976368477	2	2	10	126	"2;1"	"id_355"	100	4	3	0	0.6	3
22	0.5	2	2	10	128	"2;1"	"id_355"	100	4	3	0	0.6	3
23	1.03509884515958	2	5	10	133	"2;1"	"id_355"	100	4	3	0	0.6	3
24	0.5	2	7	10	140	"2;1"	"id_355"	100	4	3	0	0.6	3
25	1.22520383682413	1	-10	10	130	"2;1"	"id_355"	100	4	3	0	0.6	3
1	0.5	1	8	11	8	"1;2"	"id_355"	100	4	3	0	0.6	3
2	0.978676362886435	2	10	11	18	"1;2"	"id_355"	100	4	3	0	0.6	3
3	1.12404549663923	2	1	11	19	"1;2"	"id_355"	100	4	3	0	0.6	3
4	0.571986432670285	2	-19	11	0	"1;2"	"id_355"	100	4	3	0	0.6	3
5	0.722196985395952	2	0	11	0	"1;2"	"id_355"	100	4	3	0	0.6	3
6	0.986621616278937	2	-3	11	-3	"1;2"	"id_355"	100	4	3	0	0.6	3
7	1.28240468383837	2	6	11	3	"1;2"	"id_355"	100	4	3	0	0.6	3
8	0.5	2	-7	11	-4	"1;2"	"id_355"	100	4	3	0	0.6	3
9	0.974075287072699	2	7	11	3	"1;2"	"id_355"	100	4	3	0	0.6	3
10	0.5	2	2	11	5	"1;2"	"id_355"	100	4	3	0	0.6	3
11	1.01305188584876	2	-7	11	-2	"1;2"	"id_355"	100	4	3	0	0.6	3
12	0.670061160427594	2	2	11	0	"1;2"	"id_355"	100	4	3	0	0.6	3
13	0.855183861523994	2	1	11	1	"1;2"	"id_355"	100	4	3	0	0.6	3
14	0.570472081124664	2	19	11	20	"1;2"	"id_355"	100	4	3	0	0.6	3
15	0.683773359333025	2	21	11	41	"1;2"	"id_355"	100	4	3	0	0.6	3
16	0.736377425639562	2	12	11	53	"1;2"	"id_355"	100	4	3	0	0.6	3
17	0.5	2	6	11	59	"1;2"	"id_355"	100	4	3	0	0.6	3
18	1.16719504136523	2	5	11	64	"1;2"	"id_355"	100	4	3	0	0.6	3
19	1.08815710282658	2	6	11	70	"1;2"	"id_355"	100	4	3	0	0.6	3
20	1.0857858525758	2	12	11	82	"1;2"	"id_355"	100	4	3	0	0.6	3
21	0.5	2	1	11	83	"1;2"	"id_355"	100	4	3	0	0.6	3
22	1.06770169347675	2	19	11	102	"1;2"	"id_355"	100	4	3	0	0.6	3
23	0.964720610612048	1	5	11	107	"1;2"	"id_355"	100	4	3	0	0.6	3
24	0.669685154813458	1	7	11	114	"1;2"	"id_355"	100	4	3	0	0.6	3
25	0.5	1	8	11	122	"1;2"	"id_355"	100	4	3	0	0.6	3
