"trial"	"time"	"selection"	"outcome"	"game"	"points.cum"	"option.order"	"workerid"	"goal"	"condition"	"n.goals.reached"	"checkFails"	"payout"	"which.high.ev"
1	0.692895807775171	2	5	1	5	"2;1"	"id_422"	0	1	NA	0	1.12	2
2	1.01801412350642	2	3	1	8	"2;1"	"id_422"	0	1	NA	0	1.12	2
3	0.681985498174706	2	2	1	10	"2;1"	"id_422"	0	1	NA	0	1.12	2
4	1.17552507097439	1	2	1	12	"2;1"	"id_422"	0	1	NA	0	1.12	2
5	0.5	2	7	1	19	"2;1"	"id_422"	0	1	NA	0	1.12	2
6	0.759271720404995	1	4	1	23	"2;1"	"id_422"	0	1	NA	0	1.12	2
7	0.5	2	2	1	25	"2;1"	"id_422"	0	1	NA	0	1.12	2
8	0.965406563918155	2	4	1	29	"2;1"	"id_422"	0	1	NA	0	1.12	2
9	0.5	2	2	1	31	"2;1"	"id_422"	0	1	NA	0	1.12	2
10	1.1432512569438	2	1	1	32	"2;1"	"id_422"	0	1	NA	0	1.12	2
11	0.646563665243311	2	5	1	37	"2;1"	"id_422"	0	1	NA	0	1.12	2
12	0.5	2	2	1	39	"2;1"	"id_422"	0	1	NA	0	1.12	2
13	0.782758416967224	2	0	1	39	"2;1"	"id_422"	0	1	NA	0	1.12	2
14	0.746013627113034	2	5	1	44	"2;1"	"id_422"	0	1	NA	0	1.12	2
15	0.770708699043495	2	2	1	46	"2;1"	"id_422"	0	1	NA	0	1.12	2
16	0.877627609844133	2	1	1	47	"2;1"	"id_422"	0	1	NA	0	1.12	2
17	1.06271461655835	2	3	1	50	"2;1"	"id_422"	0	1	NA	0	1.12	2
18	0.9252344857879	2	3	1	53	"2;1"	"id_422"	0	1	NA	0	1.12	2
19	0.50548750770089	2	1	1	54	"2;1"	"id_422"	0	1	NA	0	1.12	2
20	0.5	2	2	1	56	"2;1"	"id_422"	0	1	NA	0	1.12	2
1	0.5	1	11	2	11	"2;1"	"id_422"	0	1	NA	0	1.12	2
2	0.653950590783659	1	5	2	16	"2;1"	"id_422"	0	1	NA	0	1.12	2
3	0.744946219934999	2	4	2	20	"2;1"	"id_422"	0	1	NA	0	1.12	2
4	1.06312437322459	2	4	2	24	"2;1"	"id_422"	0	1	NA	0	1.12	2
5	0.905144240445169	1	11	2	35	"2;1"	"id_422"	0	1	NA	0	1.12	2
6	1.09895012134683	1	3	2	38	"2;1"	"id_422"	0	1	NA	0	1.12	2
7	0.683621581182856	1	6	2	44	"2;1"	"id_422"	0	1	NA	0	1.12	2
8	0.5	1	17	2	61	"2;1"	"id_422"	0	1	NA	0	1.12	2
9	0.73279383875737	1	-2	2	59	"2;1"	"id_422"	0	1	NA	0	1.12	2
10	0.806950978567371	2	7	2	66	"2;1"	"id_422"	0	1	NA	0	1.12	2
11	0.692704787563809	1	5	2	71	"2;1"	"id_422"	0	1	NA	0	1.12	2
12	0.606166165260368	1	8	2	79	"2;1"	"id_422"	0	1	NA	0	1.12	2
13	0.749368174885707	1	-20	2	59	"2;1"	"id_422"	0	1	NA	0	1.12	2
14	1.26285959276664	1	0	2	59	"2;1"	"id_422"	0	1	NA	0	1.12	2
15	0.625163232656325	1	-8	2	51	"2;1"	"id_422"	0	1	NA	0	1.12	2
16	0.768466750827115	1	7	2	58	"2;1"	"id_422"	0	1	NA	0	1.12	2
17	0.507660786472565	1	1	2	59	"2;1"	"id_422"	0	1	NA	0	1.12	2
18	0.771100020899858	1	5	2	64	"2;1"	"id_422"	0	1	NA	0	1.12	2
19	0.639626212073972	1	-5	2	59	"2;1"	"id_422"	0	1	NA	0	1.12	2
20	0.60700118399072	1	6	2	65	"2;1"	"id_422"	0	1	NA	0	1.12	2
21	0.556484028988419	1	-7	2	58	"2;1"	"id_422"	0	1	NA	0	1.12	2
22	0.870515287228224	2	5	2	63	"2;1"	"id_422"	0	1	NA	0	1.12	2
23	0.701544979877123	2	8	2	71	"2;1"	"id_422"	0	1	NA	0	1.12	2
24	0.819912903865844	2	5	2	76	"2;1"	"id_422"	0	1	NA	0	1.12	2
25	0.659808545126295	2	4	2	80	"2;1"	"id_422"	0	1	NA	0	1.12	2
1	0.934563593925906	1	2	3	2	"1;2"	"id_422"	0	1	NA	0	1.12	2
2	1.21922162540743	1	5	3	7	"1;2"	"id_422"	0	1	NA	0	1.12	2
3	0.942433039365464	1	2	3	9	"1;2"	"id_422"	0	1	NA	0	1.12	2
4	0.872018986005567	1	5	3	14	"1;2"	"id_422"	0	1	NA	0	1.12	2
5	0.58507195054604	1	7	3	21	"1;2"	"id_422"	0	1	NA	0	1.12	2
6	0.724761427006566	2	11	3	32	"1;2"	"id_422"	0	1	NA	0	1.12	2
7	0.90893205876934	1	0	3	32	"1;2"	"id_422"	0	1	NA	0	1.12	2
8	0.969458743300334	1	4	3	36	"1;2"	"id_422"	0	1	NA	0	1.12	2
9	0.692813172214684	1	2	3	38	"1;2"	"id_422"	0	1	NA	0	1.12	2
10	0.591825562403668	1	4	3	42	"1;2"	"id_422"	0	1	NA	0	1.12	2
11	0.745180391405101	1	4	3	46	"1;2"	"id_422"	0	1	NA	0	1.12	2
12	0.804241330305818	1	8	3	54	"1;2"	"id_422"	0	1	NA	0	1.12	2
13	0.5	1	3	3	57	"1;2"	"id_422"	0	1	NA	0	1.12	2
14	0.653022448928965	1	4	3	61	"1;2"	"id_422"	0	1	NA	0	1.12	2
15	0.738082476083118	1	2	3	63	"1;2"	"id_422"	0	1	NA	0	1.12	2
16	0.5	1	0	3	63	"1;2"	"id_422"	0	1	NA	0	1.12	2
17	0.690407874330786	1	6	3	69	"1;2"	"id_422"	0	1	NA	0	1.12	2
18	0.5	1	5	3	74	"1;2"	"id_422"	0	1	NA	0	1.12	2
19	0.75949465315004	1	4	3	78	"1;2"	"id_422"	0	1	NA	0	1.12	2
20	0.873526563720021	1	3	3	81	"1;2"	"id_422"	0	1	NA	0	1.12	2
21	0.5	1	3	3	84	"1;2"	"id_422"	0	1	NA	0	1.12	2
22	0.506271047325354	1	7	3	91	"1;2"	"id_422"	0	1	NA	0	1.12	2
23	1.04354163332618	1	2	3	93	"1;2"	"id_422"	0	1	NA	0	1.12	2
24	0.660717086505011	1	7	3	100	"1;2"	"id_422"	0	1	NA	0	1.12	2
25	1.17593204860327	1	4	3	104	"1;2"	"id_422"	0	1	NA	0	1.12	2
1	0.569658030070812	2	1	4	1	"2;1"	"id_422"	0	1	NA	0	1.12	2
2	1.02370166678224	2	5	4	6	"2;1"	"id_422"	0	1	NA	0	1.12	2
3	0.658047639570157	2	5	4	11	"2;1"	"id_422"	0	1	NA	0	1.12	2
4	0.50262806224095	2	3	4	14	"2;1"	"id_422"	0	1	NA	0	1.12	2
5	0.713264112395606	2	6	4	20	"2;1"	"id_422"	0	1	NA	0	1.12	2
6	0.5	2	7	4	27	"2;1"	"id_422"	0	1	NA	0	1.12	2
7	0.914272854674655	2	6	4	33	"2;1"	"id_422"	0	1	NA	0	1.12	2
8	0.87395930910554	2	4	4	37	"2;1"	"id_422"	0	1	NA	0	1.12	2
9	0.896524452350353	1	-4	4	33	"2;1"	"id_422"	0	1	NA	0	1.12	2
10	0.5	2	5	4	38	"2;1"	"id_422"	0	1	NA	0	1.12	2
11	0.940172246149732	2	2	4	40	"2;1"	"id_422"	0	1	NA	0	1.12	2
12	0.682363830254366	2	5	4	45	"2;1"	"id_422"	0	1	NA	0	1.12	2
13	0.5	2	7	4	52	"2;1"	"id_422"	0	1	NA	0	1.12	2
14	0.706471684809803	2	3	4	55	"2;1"	"id_422"	0	1	NA	0	1.12	2
15	0.5	2	4	4	59	"2;1"	"id_422"	0	1	NA	0	1.12	2
16	0.857282219654749	2	9	4	68	"2;1"	"id_422"	0	1	NA	0	1.12	2
17	0.745555937925355	2	7	4	75	"2;1"	"id_422"	0	1	NA	0	1.12	2
18	1.20246837130242	2	7	4	82	"2;1"	"id_422"	0	1	NA	0	1.12	2
19	1.03652860085205	2	5	4	87	"2;1"	"id_422"	0	1	NA	0	1.12	2
20	0.682918923208125	2	2	4	89	"2;1"	"id_422"	0	1	NA	0	1.12	2
21	0.842403009286584	2	6	4	95	"2;1"	"id_422"	0	1	NA	0	1.12	2
22	0.803241903933719	2	4	4	99	"2;1"	"id_422"	0	1	NA	0	1.12	2
23	0.740040926108101	2	-2	4	97	"2;1"	"id_422"	0	1	NA	0	1.12	2
24	0.5	2	7	4	104	"2;1"	"id_422"	0	1	NA	0	1.12	2
25	0.89237592548372	2	6	4	110	"2;1"	"id_422"	0	1	NA	0	1.12	2
1	1.2875212444044	2	-5	5	-5	"1;2"	"id_422"	0	1	NA	0	1.12	2
2	0.683237932855521	2	13	5	8	"1;2"	"id_422"	0	1	NA	0	1.12	2
3	0.789402355068116	1	5	5	13	"1;2"	"id_422"	0	1	NA	0	1.12	2
4	0.5	2	5	5	18	"1;2"	"id_422"	0	1	NA	0	1.12	2
5	0.791102127691886	2	1	5	19	"1;2"	"id_422"	0	1	NA	0	1.12	2
6	0.841734313801193	2	13	5	32	"1;2"	"id_422"	0	1	NA	0	1.12	2
7	0.899946150710086	1	0	5	32	"1;2"	"id_422"	0	1	NA	0	1.12	2
8	1.16532737462638	2	14	5	46	"1;2"	"id_422"	0	1	NA	0	1.12	2
9	0.789153796470223	2	21	5	67	"1;2"	"id_422"	0	1	NA	0	1.12	2
10	0.983837027327016	2	-9	5	58	"1;2"	"id_422"	0	1	NA	0	1.12	2
11	0.965088361499551	2	0	5	58	"1;2"	"id_422"	0	1	NA	0	1.12	2
12	0.774782958226348	2	-5	5	53	"1;2"	"id_422"	0	1	NA	0	1.12	2
13	0.611000017510344	2	-6	5	47	"1;2"	"id_422"	0	1	NA	0	1.12	2
14	1.06995602778322	2	-1	5	46	"1;2"	"id_422"	0	1	NA	0	1.12	2
15	0.823068436086718	2	3	5	49	"1;2"	"id_422"	0	1	NA	0	1.12	2
16	1.03245895679476	2	7	5	56	"1;2"	"id_422"	0	1	NA	0	1.12	2
17	0.845269903284524	2	18	5	74	"1;2"	"id_422"	0	1	NA	0	1.12	2
18	0.784805692253585	2	4	5	78	"1;2"	"id_422"	0	1	NA	0	1.12	2
19	0.681264952815671	1	4	5	82	"1;2"	"id_422"	0	1	NA	0	1.12	2
20	0.772979327529738	2	1	5	83	"1;2"	"id_422"	0	1	NA	0	1.12	2
21	0.520073790306842	2	18	5	101	"1;2"	"id_422"	0	1	NA	0	1.12	2
22	0.928100279728276	2	6	5	107	"1;2"	"id_422"	0	1	NA	0	1.12	2
23	0.876087134782878	2	30	5	137	"1;2"	"id_422"	0	1	NA	0	1.12	2
24	0.5	2	-5	5	132	"1;2"	"id_422"	0	1	NA	0	1.12	2
25	1.12402730528829	2	0	5	132	"1;2"	"id_422"	0	1	NA	0	1.12	2
1	0.617838994272856	2	6	6	6	"2;1"	"id_422"	0	1	NA	0	1.12	2
2	1.16315051731166	2	1	6	7	"2;1"	"id_422"	0	1	NA	0	1.12	2
3	1.14146163202198	2	1	6	8	"2;1"	"id_422"	0	1	NA	0	1.12	2
4	0.603594464415048	2	9	6	17	"2;1"	"id_422"	0	1	NA	0	1.12	2
5	0.848421456307687	2	5	6	22	"2;1"	"id_422"	0	1	NA	0	1.12	2
6	0.920657255050729	2	7	6	29	"2;1"	"id_422"	0	1	NA	0	1.12	2
7	0.5	2	7	6	36	"2;1"	"id_422"	0	1	NA	0	1.12	2
8	0.670316603117299	2	6	6	42	"2;1"	"id_422"	0	1	NA	0	1.12	2
9	1.12356904816666	2	3	6	45	"2;1"	"id_422"	0	1	NA	0	1.12	2
10	0.821604401581685	1	0	6	45	"2;1"	"id_422"	0	1	NA	0	1.12	2
11	0.848528539576816	1	4	6	49	"2;1"	"id_422"	0	1	NA	0	1.12	2
12	0.601830897139726	2	5	6	54	"2;1"	"id_422"	0	1	NA	0	1.12	2
13	1.02608778919082	2	6	6	60	"2;1"	"id_422"	0	1	NA	0	1.12	2
14	1.10695100253754	2	7	6	67	"2;1"	"id_422"	0	1	NA	0	1.12	2
15	0.562934650110271	1	-6	6	61	"2;1"	"id_422"	0	1	NA	0	1.12	2
16	0.728192525307186	2	5	6	66	"2;1"	"id_422"	0	1	NA	0	1.12	2
17	0.941931009921782	2	6	6	72	"2;1"	"id_422"	0	1	NA	0	1.12	2
18	0.5	2	4	6	76	"2;1"	"id_422"	0	1	NA	0	1.12	2
19	0.739353794136697	2	7	6	83	"2;1"	"id_422"	0	1	NA	0	1.12	2
20	0.5	2	6	6	89	"2;1"	"id_422"	0	1	NA	0	1.12	2
21	0.730758567882866	1	8	6	97	"2;1"	"id_422"	0	1	NA	0	1.12	2
22	1.01952197116878	2	2	6	99	"2;1"	"id_422"	0	1	NA	0	1.12	2
23	0.702676183771827	1	10	6	109	"2;1"	"id_422"	0	1	NA	0	1.12	2
24	0.5	2	4	6	113	"2;1"	"id_422"	0	1	NA	0	1.12	2
25	0.790762449221002	2	7	6	120	"2;1"	"id_422"	0	1	NA	0	1.12	2
1	0.865781461729671	1	-1	7	-1	"1;2"	"id_422"	0	1	NA	0	1.12	2
2	1.12392312651027	2	16	7	15	"1;2"	"id_422"	0	1	NA	0	1.12	2
3	0.755287689168023	2	20	7	35	"1;2"	"id_422"	0	1	NA	0	1.12	2
4	0.520738069808887	2	-1	7	34	"1;2"	"id_422"	0	1	NA	0	1.12	2
5	0.5	2	5	7	39	"1;2"	"id_422"	0	1	NA	0	1.12	2
6	0.678716497307632	1	0	7	39	"1;2"	"id_422"	0	1	NA	0	1.12	2
7	0.913537385169589	2	9	7	48	"1;2"	"id_422"	0	1	NA	0	1.12	2
8	0.845944015273329	2	-1	7	47	"1;2"	"id_422"	0	1	NA	0	1.12	2
9	1.07080594640244	2	-12	7	35	"1;2"	"id_422"	0	1	NA	0	1.12	2
10	0.5	1	3	7	38	"1;2"	"id_422"	0	1	NA	0	1.12	2
11	0.504917579212051	2	8	7	46	"1;2"	"id_422"	0	1	NA	0	1.12	2
12	0.753865030652273	2	1	7	47	"1;2"	"id_422"	0	1	NA	0	1.12	2
13	0.982630752691311	2	11	7	58	"1;2"	"id_422"	0	1	NA	0	1.12	2
14	0.5	2	-13	7	45	"1;2"	"id_422"	0	1	NA	0	1.12	2
15	0.844216903644132	2	3	7	48	"1;2"	"id_422"	0	1	NA	0	1.12	2
16	1.15499444091057	2	-10	7	38	"1;2"	"id_422"	0	1	NA	0	1.12	2
17	0.5	1	1	7	39	"1;2"	"id_422"	0	1	NA	0	1.12	2
18	1.00693512196859	2	12	7	51	"1;2"	"id_422"	0	1	NA	0	1.12	2
19	0.616020760350183	2	8	7	59	"1;2"	"id_422"	0	1	NA	0	1.12	2
20	0.968767657839507	2	12	7	71	"1;2"	"id_422"	0	1	NA	0	1.12	2
21	0.978265553953411	2	23	7	94	"1;2"	"id_422"	0	1	NA	0	1.12	2
22	1.07114383551391	2	2	7	96	"1;2"	"id_422"	0	1	NA	0	1.12	2
23	0.876797536790588	2	1	7	97	"1;2"	"id_422"	0	1	NA	0	1.12	2
24	0.606407957142812	2	4	7	101	"1;2"	"id_422"	0	1	NA	0	1.12	2
25	0.966009390691477	2	-22	7	79	"1;2"	"id_422"	0	1	NA	0	1.12	2
1	0.990290824281047	2	5	8	5	"1;2"	"id_422"	0	1	NA	0	1.12	2
2	1.0128908158106	2	-11	8	-6	"1;2"	"id_422"	0	1	NA	0	1.12	2
3	0.942339360552879	2	15	8	9	"1;2"	"id_422"	0	1	NA	0	1.12	2
4	0.50268282807672	1	6	8	15	"1;2"	"id_422"	0	1	NA	0	1.12	2
5	0.852651581017054	2	0	8	15	"1;2"	"id_422"	0	1	NA	0	1.12	2
6	0.64097117118686	1	3	8	18	"1;2"	"id_422"	0	1	NA	0	1.12	2
7	0.88983204994121	1	5	8	23	"1;2"	"id_422"	0	1	NA	0	1.12	2
8	0.91003107267318	1	3	8	26	"1;2"	"id_422"	0	1	NA	0	1.12	2
9	0.5	1	3	8	29	"1;2"	"id_422"	0	1	NA	0	1.12	2
10	1.15416970703859	2	12	8	41	"1;2"	"id_422"	0	1	NA	0	1.12	2
11	0.732618723689194	1	5	8	46	"1;2"	"id_422"	0	1	NA	0	1.12	2
12	0.62701486605968	2	5	8	51	"1;2"	"id_422"	0	1	NA	0	1.12	2
13	0.509790920767142	2	-3	8	48	"1;2"	"id_422"	0	1	NA	0	1.12	2
14	0.5	2	0	8	48	"1;2"	"id_422"	0	1	NA	0	1.12	2
15	0.928363635982979	1	6	8	54	"1;2"	"id_422"	0	1	NA	0	1.12	2
16	0.828421310468234	1	4	8	58	"1;2"	"id_422"	0	1	NA	0	1.12	2
17	0.764314743806644	1	1	8	59	"1;2"	"id_422"	0	1	NA	0	1.12	2
18	0.955810398153359	1	6	8	65	"1;2"	"id_422"	0	1	NA	0	1.12	2
19	0.762643096616811	1	7	8	72	"1;2"	"id_422"	0	1	NA	0	1.12	2
20	0.756160286626896	1	3	8	75	"1;2"	"id_422"	0	1	NA	0	1.12	2
21	1.16908666742323	2	-6	8	69	"1;2"	"id_422"	0	1	NA	0	1.12	2
22	0.717922690327264	1	2	8	71	"1;2"	"id_422"	0	1	NA	0	1.12	2
23	0.680397205961481	1	5	8	76	"1;2"	"id_422"	0	1	NA	0	1.12	2
24	0.701126204393581	1	5	8	81	"1;2"	"id_422"	0	1	NA	0	1.12	2
25	0.55709135009025	1	7	8	88	"1;2"	"id_422"	0	1	NA	0	1.12	2
1	0.5	1	3	9	3	"1;2"	"id_422"	0	1	NA	0	1.12	2
2	0.795160544715598	1	2	9	5	"1;2"	"id_422"	0	1	NA	0	1.12	2
3	0.588133384087444	1	4	9	9	"1;2"	"id_422"	0	1	NA	0	1.12	2
4	0.5	1	3	9	12	"1;2"	"id_422"	0	1	NA	0	1.12	2
5	1.00994659333644	1	5	9	17	"1;2"	"id_422"	0	1	NA	0	1.12	2
6	0.650256223543995	1	2	9	19	"1;2"	"id_422"	0	1	NA	0	1.12	2
7	0.568906611135803	1	2	9	21	"1;2"	"id_422"	0	1	NA	0	1.12	2
8	1.04383771063491	1	4	9	25	"1;2"	"id_422"	0	1	NA	0	1.12	2
9	1.01485810648892	1	2	9	27	"1;2"	"id_422"	0	1	NA	0	1.12	2
10	1.14969331705702	1	4	9	31	"1;2"	"id_422"	0	1	NA	0	1.12	2
11	0.5	2	16	9	47	"1;2"	"id_422"	0	1	NA	0	1.12	2
12	0.891802034675665	2	2	9	49	"1;2"	"id_422"	0	1	NA	0	1.12	2
13	0.5	2	-4	9	45	"1;2"	"id_422"	0	1	NA	0	1.12	2
14	1.07729856599376	1	7	9	52	"1;2"	"id_422"	0	1	NA	0	1.12	2
15	0.549178145700943	1	-1	9	51	"1;2"	"id_422"	0	1	NA	0	1.12	2
16	1.07527184804712	1	2	9	53	"1;2"	"id_422"	0	1	NA	0	1.12	2
17	1.11746653883456	1	4	9	57	"1;2"	"id_422"	0	1	NA	0	1.12	2
18	0.622295236426562	1	4	9	61	"1;2"	"id_422"	0	1	NA	0	1.12	2
19	1.16077633120747	1	4	9	65	"1;2"	"id_422"	0	1	NA	0	1.12	2
20	0.5	2	5	9	70	"1;2"	"id_422"	0	1	NA	0	1.12	2
21	1.07566927613149	1	9	9	79	"1;2"	"id_422"	0	1	NA	0	1.12	2
22	0.894373519120683	1	5	9	84	"1;2"	"id_422"	0	1	NA	0	1.12	2
23	0.89847351660986	1	6	9	90	"1;2"	"id_422"	0	1	NA	0	1.12	2
24	0.848960292712403	2	3	9	93	"1;2"	"id_422"	0	1	NA	0	1.12	2
25	0.688666842614719	1	-1	9	92	"1;2"	"id_422"	0	1	NA	0	1.12	2
1	0.783289518663498	1	-10	10	-10	"2;1"	"id_422"	0	1	NA	0	1.12	2
2	0.651237250104571	2	6	10	-4	"2;1"	"id_422"	0	1	NA	0	1.12	2
3	1.08104727147062	2	7	10	3	"2;1"	"id_422"	0	1	NA	0	1.12	2
4	1.21278939854674	1	-3	10	0	"2;1"	"id_422"	0	1	NA	0	1.12	2
5	0.5563486063783	2	5	10	5	"2;1"	"id_422"	0	1	NA	0	1.12	2
6	0.675860767587026	2	4	10	9	"2;1"	"id_422"	0	1	NA	0	1.12	2
7	0.5	2	3	10	12	"2;1"	"id_422"	0	1	NA	0	1.12	2
8	0.993641671152577	2	3	10	15	"2;1"	"id_422"	0	1	NA	0	1.12	2
9	0.811307276066016	2	7	10	22	"2;1"	"id_422"	0	1	NA	0	1.12	2
10	0.894616767414319	2	5	10	27	"2;1"	"id_422"	0	1	NA	0	1.12	2
11	0.553410568856223	2	2	10	29	"2;1"	"id_422"	0	1	NA	0	1.12	2
12	0.889174336485452	2	3	10	32	"2;1"	"id_422"	0	1	NA	0	1.12	2
13	0.546971865725793	2	5	10	37	"2;1"	"id_422"	0	1	NA	0	1.12	2
14	0.686516600472657	2	4	10	41	"2;1"	"id_422"	0	1	NA	0	1.12	2
15	1.15891761483773	2	4	10	45	"2;1"	"id_422"	0	1	NA	0	1.12	2
16	0.984614687267428	2	3	10	48	"2;1"	"id_422"	0	1	NA	0	1.12	2
17	0.767281999155292	2	8	10	56	"2;1"	"id_422"	0	1	NA	0	1.12	2
18	0.880485005617004	2	7	10	63	"2;1"	"id_422"	0	1	NA	0	1.12	2
19	1.05228602322764	1	20	10	83	"2;1"	"id_422"	0	1	NA	0	1.12	2
20	1.15402315993121	2	4	10	87	"2;1"	"id_422"	0	1	NA	0	1.12	2
21	1.10179806273556	2	5	10	92	"2;1"	"id_422"	0	1	NA	0	1.12	2
22	0.580995857805347	2	-2	10	90	"2;1"	"id_422"	0	1	NA	0	1.12	2
23	0.565215629825524	2	1	10	91	"2;1"	"id_422"	0	1	NA	0	1.12	2
24	0.739409673332107	1	-3	10	88	"2;1"	"id_422"	0	1	NA	0	1.12	2
25	0.619575040640521	2	6	10	94	"2;1"	"id_422"	0	1	NA	0	1.12	2
1	1.11097387174297	1	7	11	7	"1;2"	"id_422"	0	1	NA	0	1.12	2
2	0.650697710933888	1	3	11	10	"1;2"	"id_422"	0	1	NA	0	1.12	2
3	0.829630292870363	1	8	11	18	"1;2"	"id_422"	0	1	NA	0	1.12	2
4	0.959864056028483	1	4	11	22	"1;2"	"id_422"	0	1	NA	0	1.12	2
5	0.989029133751832	2	29	11	51	"1;2"	"id_422"	0	1	NA	0	1.12	2
6	0.818968470933413	2	6	11	57	"1;2"	"id_422"	0	1	NA	0	1.12	2
7	0.890529871283035	2	8	11	65	"1;2"	"id_422"	0	1	NA	0	1.12	2
8	0.911940338203775	2	-2	11	63	"1;2"	"id_422"	0	1	NA	0	1.12	2
9	0.822881521043982	2	16	11	79	"1;2"	"id_422"	0	1	NA	0	1.12	2
10	0.819971848499722	2	9	11	88	"1;2"	"id_422"	0	1	NA	0	1.12	2
11	1.01193537446048	2	24	11	112	"1;2"	"id_422"	0	1	NA	0	1.12	2
12	1.214605146634	1	5	11	117	"1;2"	"id_422"	0	1	NA	0	1.12	2
13	0.804884464919083	2	0	11	117	"1;2"	"id_422"	0	1	NA	0	1.12	2
14	0.782324752547512	2	-1	11	116	"1;2"	"id_422"	0	1	NA	0	1.12	2
15	0.884322221698464	2	7	11	123	"1;2"	"id_422"	0	1	NA	0	1.12	2
16	0.633308494597887	2	-3	11	120	"1;2"	"id_422"	0	1	NA	0	1.12	2
17	0.57383001053271	2	11	11	131	"1;2"	"id_422"	0	1	NA	0	1.12	2
18	0.5	2	9	11	140	"1;2"	"id_422"	0	1	NA	0	1.12	2
19	0.576177270404719	2	25	11	165	"1;2"	"id_422"	0	1	NA	0	1.12	2
20	0.570239807684422	2	-1	11	164	"1;2"	"id_422"	0	1	NA	0	1.12	2
21	1.2625323619828	2	8	11	172	"1;2"	"id_422"	0	1	NA	0	1.12	2
22	0.912137176795423	2	3	11	175	"1;2"	"id_422"	0	1	NA	0	1.12	2
23	0.697167525176037	2	-3	11	172	"1;2"	"id_422"	0	1	NA	0	1.12	2
24	0.579837663029389	1	6	11	178	"1;2"	"id_422"	0	1	NA	0	1.12	2
25	0.913738805508093	2	-11	11	167	"1;2"	"id_422"	0	1	NA	0	1.12	2
