"trial"	"time"	"selection"	"outcome"	"game"	"points.cum"	"option.order"	"workerid"	"goal"	"condition"	"n.goals.reached"	"checkFails"	"payout"	"which.high.ev"
1	1.576	1	5	1	5	"2;1"	"id_073"	100	5	5	0	1.25	1
2	0.903	1	5	1	10	"2;1"	"id_073"	100	5	5	0	1.25	1
3	1.072	1	-1	1	9	"2;1"	"id_073"	100	5	5	0	1.25	1
4	0.985	2	4	1	13	"2;1"	"id_073"	100	5	5	0	1.25	1
5	0.72	2	5	1	18	"2;1"	"id_073"	100	5	5	0	1.25	1
6	0.689	2	3	1	21	"2;1"	"id_073"	100	5	5	0	1.25	1
7	0.742	2	4	1	25	"2;1"	"id_073"	100	5	5	0	1.25	1
8	0.88	2	3	1	28	"2;1"	"id_073"	100	5	5	0	1.25	1
9	0.633	2	5	1	33	"2;1"	"id_073"	100	5	5	0	1.25	1
10	0.712	2	4	1	37	"2;1"	"id_073"	100	5	5	0	1.25	1
11	0.672	2	3	1	40	"2;1"	"id_073"	100	5	5	0	1.25	1
12	0.919	1	6	1	46	"2;1"	"id_073"	100	5	5	0	1.25	1
13	0.913	2	2	1	48	"2;1"	"id_073"	100	5	5	0	1.25	1
14	0.671	1	7	1	55	"2;1"	"id_073"	100	5	5	0	1.25	1
15	0.561	1	6	1	61	"2;1"	"id_073"	100	5	5	0	1.25	1
16	1.015	1	4	1	65	"2;1"	"id_073"	100	5	5	0	1.25	1
17	0.801	2	7	1	72	"2;1"	"id_073"	100	5	5	0	1.25	1
18	0.583	2	8	1	80	"2;1"	"id_073"	100	5	5	0	1.25	1
19	0.624	2	1	1	81	"2;1"	"id_073"	100	5	5	0	1.25	1
20	0.737	1	2	1	83	"2;1"	"id_073"	100	5	5	0	1.25	1
21	0.688	1	4	1	87	"2;1"	"id_073"	100	5	5	0	1.25	1
22	0.897	2	4	1	91	"2;1"	"id_073"	100	5	5	0	1.25	1
23	0.729	2	2	1	93	"2;1"	"id_073"	100	5	5	0	1.25	1
24	0.734	1	3	1	96	"2;1"	"id_073"	100	5	5	0	1.25	1
25	1.344	1	4	1	100	"2;1"	"id_073"	100	5	5	0	1.25	1
1	0.996	1	4	2	4	"1;2"	"id_073"	100	5	5	0	1.25	1
2	0.551	1	7	2	11	"1;2"	"id_073"	100	5	5	0	1.25	1
3	0.858	1	6	2	17	"1;2"	"id_073"	100	5	5	0	1.25	1
4	0.59	1	6	2	23	"1;2"	"id_073"	100	5	5	0	1.25	1
5	0.833	2	-7	2	16	"1;2"	"id_073"	100	5	5	0	1.25	1
6	0.784	1	4	2	20	"1;2"	"id_073"	100	5	5	0	1.25	1
7	1.135	1	9	2	29	"1;2"	"id_073"	100	5	5	0	1.25	1
8	0.73	1	2	2	31	"1;2"	"id_073"	100	5	5	0	1.25	1
9	0.911	2	16	2	47	"1;2"	"id_073"	100	5	5	0	1.25	1
10	0.617	2	-5	2	42	"1;2"	"id_073"	100	5	5	0	1.25	1
11	0.79	1	4	2	46	"1;2"	"id_073"	100	5	5	0	1.25	1
12	0.585	1	6	2	52	"1;2"	"id_073"	100	5	5	0	1.25	1
13	0.656	1	2	2	54	"1;2"	"id_073"	100	5	5	0	1.25	1
14	0.8	2	17	2	71	"1;2"	"id_073"	100	5	5	0	1.25	1
15	1.232	1	8	2	79	"1;2"	"id_073"	100	5	5	0	1.25	1
16	0.865	1	2	2	81	"1;2"	"id_073"	100	5	5	0	1.25	1
17	0.686	2	5	2	86	"1;2"	"id_073"	100	5	5	0	1.25	1
18	0.889	1	3	2	89	"1;2"	"id_073"	100	5	5	0	1.25	1
19	1.215	2	-13	2	76	"1;2"	"id_073"	100	5	5	0	1.25	1
20	1.32	1	7	2	83	"1;2"	"id_073"	100	5	5	0	1.25	1
21	0.649	1	4	2	87	"1;2"	"id_073"	100	5	5	0	1.25	1
22	0.639	1	3	2	90	"1;2"	"id_073"	100	5	5	0	1.25	1
23	0.992	2	5	2	95	"1;2"	"id_073"	100	5	5	0	1.25	1
24	0.634	2	21	2	116	"1;2"	"id_073"	100	5	5	0	1.25	1
25	1.279	1	6	2	122	"1;2"	"id_073"	100	5	5	0	1.25	1
1	0.585	1	6	3	6	"1;2"	"id_073"	100	5	5	0	1.25	1
2	0.615	1	4	3	10	"1;2"	"id_073"	100	5	5	0	1.25	1
3	0.696	2	-3	3	7	"1;2"	"id_073"	100	5	5	0	1.25	1
4	0.575	1	4	3	11	"1;2"	"id_073"	100	5	5	0	1.25	1
5	0.539	1	-2	3	9	"1;2"	"id_073"	100	5	5	0	1.25	1
6	0.654	2	-4	3	5	"1;2"	"id_073"	100	5	5	0	1.25	1
7	0.688	1	6	3	11	"1;2"	"id_073"	100	5	5	0	1.25	1
8	0.513	1	6	3	17	"1;2"	"id_073"	100	5	5	0	1.25	1
9	0.774	1	5	3	22	"1;2"	"id_073"	100	5	5	0	1.25	1
10	0.624	2	18	3	40	"1;2"	"id_073"	100	5	5	0	1.25	1
11	0.736	1	7	3	47	"1;2"	"id_073"	100	5	5	0	1.25	1
12	0.872	2	-22	3	25	"1;2"	"id_073"	100	5	5	0	1.25	1
13	0.688	1	7	3	32	"1;2"	"id_073"	100	5	5	0	1.25	1
14	0.506	1	5	3	37	"1;2"	"id_073"	100	5	5	0	1.25	1
15	0.614	1	2	3	39	"1;2"	"id_073"	100	5	5	0	1.25	1
16	0.515	2	6	3	45	"1;2"	"id_073"	100	5	5	0	1.25	1
17	1.294	2	-8	3	37	"1;2"	"id_073"	100	5	5	0	1.25	1
18	0.583	1	2	3	39	"1;2"	"id_073"	100	5	5	0	1.25	1
19	1.064	1	5	3	44	"1;2"	"id_073"	100	5	5	0	1.25	1
20	0.907	1	3	3	47	"1;2"	"id_073"	100	5	5	0	1.25	1
21	0.703	1	0	3	47	"1;2"	"id_073"	100	5	5	0	1.25	1
22	0.599	2	25	3	72	"1;2"	"id_073"	100	5	5	0	1.25	1
23	0.935	1	3	3	75	"1;2"	"id_073"	100	5	5	0	1.25	1
24	0.896	1	2	3	77	"1;2"	"id_073"	100	5	5	0	1.25	1
25	0.72	2	3	3	80	"1;2"	"id_073"	100	5	5	0	1.25	1
1	0.447	1	12	4	12	"2;1"	"id_073"	100	5	5	0	1.25	1
2	0.536	2	4	4	16	"2;1"	"id_073"	100	5	5	0	1.25	1
3	0.576	1	15	4	31	"2;1"	"id_073"	100	5	5	0	1.25	1
4	1.24	1	17	4	48	"2;1"	"id_073"	100	5	5	0	1.25	1
5	0.8	1	7	4	55	"2;1"	"id_073"	100	5	5	0	1.25	1
6	1.047	2	7	4	62	"2;1"	"id_073"	100	5	5	0	1.25	1
7	0.584	2	5	4	67	"2;1"	"id_073"	100	5	5	0	1.25	1
8	0.592	1	18	4	85	"2;1"	"id_073"	100	5	5	0	1.25	1
9	0.76	1	-1	4	84	"2;1"	"id_073"	100	5	5	0	1.25	1
10	0.656	2	1	4	85	"2;1"	"id_073"	100	5	5	0	1.25	1
11	0.929	2	5	4	90	"2;1"	"id_073"	100	5	5	0	1.25	1
12	0.56	1	6	4	96	"2;1"	"id_073"	100	5	5	0	1.25	1
13	0.647	2	3	4	99	"2;1"	"id_073"	100	5	5	0	1.25	1
14	0.746	1	2	4	101	"2;1"	"id_073"	100	5	5	0	1.25	1
15	0.743	1	2	4	103	"2;1"	"id_073"	100	5	5	0	1.25	1
16	0.616	2	1	4	104	"2;1"	"id_073"	100	5	5	0	1.25	1
17	1.303	1	3	4	107	"2;1"	"id_073"	100	5	5	0	1.25	1
18	0.945	1	0	4	107	"2;1"	"id_073"	100	5	5	0	1.25	1
19	0.776	2	8	4	115	"2;1"	"id_073"	100	5	5	0	1.25	1
20	0.624	2	2	4	117	"2;1"	"id_073"	100	5	5	0	1.25	1
21	0.831	1	4	4	121	"2;1"	"id_073"	100	5	5	0	1.25	1
22	0.665	1	6	4	127	"2;1"	"id_073"	100	5	5	0	1.25	1
23	0.625	1	-3	4	124	"2;1"	"id_073"	100	5	5	0	1.25	1
24	0.616	2	8	4	132	"2;1"	"id_073"	100	5	5	0	1.25	1
25	0.632	2	6	4	138	"2;1"	"id_073"	100	5	5	0	1.25	1
1	0.805	1	-1	5	-1	"2;1"	"id_073"	100	5	5	0	1.25	1
2	0.512	2	5	5	4	"2;1"	"id_073"	100	5	5	0	1.25	1
3	0.599	1	8	5	12	"2;1"	"id_073"	100	5	5	0	1.25	1
4	0.76	2	7	5	19	"2;1"	"id_073"	100	5	5	0	1.25	1
5	0.658	1	5	5	24	"2;1"	"id_073"	100	5	5	0	1.25	1
6	0.632	2	8	5	32	"2;1"	"id_073"	100	5	5	0	1.25	1
7	0.662	1	5	5	37	"2;1"	"id_073"	100	5	5	0	1.25	1
8	0.6	2	6	5	43	"2;1"	"id_073"	100	5	5	0	1.25	1
9	0.608	1	-3	5	40	"2;1"	"id_073"	100	5	5	0	1.25	1
10	0.666	2	4	5	44	"2;1"	"id_073"	100	5	5	0	1.25	1
11	1.021	2	-1	5	43	"2;1"	"id_073"	100	5	5	0	1.25	1
12	0.62	1	-1	5	42	"2;1"	"id_073"	100	5	5	0	1.25	1
13	0.846	2	3	5	45	"2;1"	"id_073"	100	5	5	0	1.25	1
14	0.575	1	10	5	55	"2;1"	"id_073"	100	5	5	0	1.25	1
15	1.147	2	7	5	62	"2;1"	"id_073"	100	5	5	0	1.25	1
16	0.534	1	6	5	68	"2;1"	"id_073"	100	5	5	0	1.25	1
17	0.823	2	9	5	77	"2;1"	"id_073"	100	5	5	0	1.25	1
18	0.847	1	14	5	91	"2;1"	"id_073"	100	5	5	0	1.25	1
19	0.749	2	4	5	95	"2;1"	"id_073"	100	5	5	0	1.25	1
20	0.708	1	-26	5	69	"2;1"	"id_073"	100	5	5	0	1.25	1
21	0.695	2	9	5	78	"2;1"	"id_073"	100	5	5	0	1.25	1
22	0.657	2	1	5	79	"2;1"	"id_073"	100	5	5	0	1.25	1
23	0.64	1	5	5	84	"2;1"	"id_073"	100	5	5	0	1.25	1
24	0.816	2	4	5	88	"2;1"	"id_073"	100	5	5	0	1.25	1
25	1.164	2	5	5	93	"2;1"	"id_073"	100	5	5	0	1.25	1
1	0.443	1	9	6	9	"2;1"	"id_073"	100	5	5	0	1.25	1
2	1.112	1	-3	6	6	"2;1"	"id_073"	100	5	5	0	1.25	1
3	0.537	2	4	6	10	"2;1"	"id_073"	100	5	5	0	1.25	1
4	0.511	2	5	6	15	"2;1"	"id_073"	100	5	5	0	1.25	1
5	0.957	1	-14	6	1	"2;1"	"id_073"	100	5	5	0	1.25	1
6	0.651	2	7	6	8	"2;1"	"id_073"	100	5	5	0	1.25	1
7	0.657	2	5	6	13	"2;1"	"id_073"	100	5	5	0	1.25	1
8	0.615	1	-5	6	8	"2;1"	"id_073"	100	5	5	0	1.25	1
9	0.595	2	1	6	9	"2;1"	"id_073"	100	5	5	0	1.25	1
10	1.085	2	4	6	13	"2;1"	"id_073"	100	5	5	0	1.25	1
11	1.017	2	-1	6	12	"2;1"	"id_073"	100	5	5	0	1.25	1
12	0.751	1	-4	6	8	"2;1"	"id_073"	100	5	5	0	1.25	1
13	0.832	2	3	6	11	"2;1"	"id_073"	100	5	5	0	1.25	1
14	0.609	2	5	6	16	"2;1"	"id_073"	100	5	5	0	1.25	1
15	0.512	1	-17	6	-1	"2;1"	"id_073"	100	5	5	0	1.25	1
16	0.578	2	5	6	4	"2;1"	"id_073"	100	5	5	0	1.25	1
17	0.893	2	3	6	7	"2;1"	"id_073"	100	5	5	0	1.25	1
18	0.632	2	5	6	12	"2;1"	"id_073"	100	5	5	0	1.25	1
19	0.579	2	6	6	18	"2;1"	"id_073"	100	5	5	0	1.25	1
20	0.693	2	7	6	25	"2;1"	"id_073"	100	5	5	0	1.25	1
21	0.624	2	6	6	31	"2;1"	"id_073"	100	5	5	0	1.25	1
22	0.584	2	6	6	37	"2;1"	"id_073"	100	5	5	0	1.25	1
23	0.552	2	1	6	38	"2;1"	"id_073"	100	5	5	0	1.25	1
24	0.568	2	4	6	42	"2;1"	"id_073"	100	5	5	0	1.25	1
25	0.688	2	3	6	45	"2;1"	"id_073"	100	5	5	0	1.25	1
1	0.596	2	3	7	3	"2;1"	"id_073"	100	5	5	0	1.25	1
2	0.919	1	-1	7	2	"2;1"	"id_073"	100	5	5	0	1.25	1
3	0.553	2	5	7	7	"2;1"	"id_073"	100	5	5	0	1.25	1
4	0.847	2	4	7	11	"2;1"	"id_073"	100	5	5	0	1.25	1
5	1.041	1	14	7	25	"2;1"	"id_073"	100	5	5	0	1.25	1
6	0.895	2	4	7	29	"2;1"	"id_073"	100	5	5	0	1.25	1
7	0.633	1	13	7	42	"2;1"	"id_073"	100	5	5	0	1.25	1
8	0.569	1	10	7	52	"2;1"	"id_073"	100	5	5	0	1.25	1
9	1.175	1	-5	7	47	"2;1"	"id_073"	100	5	5	0	1.25	1
10	0.576	2	2	7	49	"2;1"	"id_073"	100	5	5	0	1.25	1
11	0.648	2	5	7	54	"2;1"	"id_073"	100	5	5	0	1.25	1
12	0.52	1	3	7	57	"2;1"	"id_073"	100	5	5	0	1.25	1
13	0.597	2	2	7	59	"2;1"	"id_073"	100	5	5	0	1.25	1
14	0.61	1	8	7	67	"2;1"	"id_073"	100	5	5	0	1.25	1
15	0.833	2	6	7	73	"2;1"	"id_073"	100	5	5	0	1.25	1
16	0.999	1	5	7	78	"2;1"	"id_073"	100	5	5	0	1.25	1
17	1.025	1	12	7	90	"2;1"	"id_073"	100	5	5	0	1.25	1
18	0.571	2	6	7	96	"2;1"	"id_073"	100	5	5	0	1.25	1
19	1.044	1	4	7	100	"2;1"	"id_073"	100	5	5	0	1.25	1
20	1.392	1	-2	7	98	"2;1"	"id_073"	100	5	5	0	1.25	1
21	0.62	2	4	7	102	"2;1"	"id_073"	100	5	5	0	1.25	1
22	0.686	2	5	7	107	"2;1"	"id_073"	100	5	5	0	1.25	1
23	0.726	2	4	7	111	"2;1"	"id_073"	100	5	5	0	1.25	1
24	0.664	2	6	7	117	"2;1"	"id_073"	100	5	5	0	1.25	1
25	0.912	2	5	7	122	"2;1"	"id_073"	100	5	5	0	1.25	1
1	0.512	1	3	8	3	"1;2"	"id_073"	100	5	5	0	1.25	1
2	0.831	2	14	8	17	"1;2"	"id_073"	100	5	5	0	1.25	1
3	1.144	1	3	8	20	"1;2"	"id_073"	100	5	5	0	1.25	1
4	0.511	2	-4	8	16	"1;2"	"id_073"	100	5	5	0	1.25	1
5	0.931	1	3	8	19	"1;2"	"id_073"	100	5	5	0	1.25	1
6	0.909	1	-2	8	17	"1;2"	"id_073"	100	5	5	0	1.25	1
7	0.608	2	-17	8	0	"1;2"	"id_073"	100	5	5	0	1.25	1
8	0.728	1	3	8	3	"1;2"	"id_073"	100	5	5	0	1.25	1
9	0.568	1	7	8	10	"1;2"	"id_073"	100	5	5	0	1.25	1
10	0.523	1	4	8	14	"1;2"	"id_073"	100	5	5	0	1.25	1
11	0.815	2	-1	8	13	"1;2"	"id_073"	100	5	5	0	1.25	1
12	0.718	1	4	8	17	"1;2"	"id_073"	100	5	5	0	1.25	1
13	0.505	2	-6	8	11	"1;2"	"id_073"	100	5	5	0	1.25	1
14	0.608	1	2	8	13	"1;2"	"id_073"	100	5	5	0	1.25	1
15	0.903	1	1	8	14	"1;2"	"id_073"	100	5	5	0	1.25	1
16	0.752	2	14	8	28	"1;2"	"id_073"	100	5	5	0	1.25	1
17	0.601	2	-3	8	25	"1;2"	"id_073"	100	5	5	0	1.25	1
18	0.648	1	2	8	27	"1;2"	"id_073"	100	5	5	0	1.25	1
19	0.648	1	3	8	30	"1;2"	"id_073"	100	5	5	0	1.25	1
20	1.057	2	7	8	37	"1;2"	"id_073"	100	5	5	0	1.25	1
21	0.806	1	5	8	42	"1;2"	"id_073"	100	5	5	0	1.25	1
22	0.568	2	2	8	44	"1;2"	"id_073"	100	5	5	0	1.25	1
23	1.08	1	5	8	49	"1;2"	"id_073"	100	5	5	0	1.25	1
24	0.528	1	2	8	51	"1;2"	"id_073"	100	5	5	0	1.25	1
25	0.752	2	5	8	56	"1;2"	"id_073"	100	5	5	0	1.25	1
1	0.46	1	6	9	6	"2;1"	"id_073"	100	5	5	0	1.25	1
2	0.79	2	4	9	10	"2;1"	"id_073"	100	5	5	0	1.25	1
3	0.513	1	10	9	20	"2;1"	"id_073"	100	5	5	0	1.25	1
4	1.04	1	-7	9	13	"2;1"	"id_073"	100	5	5	0	1.25	1
5	0.904	2	5	9	18	"2;1"	"id_073"	100	5	5	0	1.25	1
6	0.511	2	5	9	23	"2;1"	"id_073"	100	5	5	0	1.25	1
7	1.168	2	0	9	23	"2;1"	"id_073"	100	5	5	0	1.25	1
8	0.666	1	12	9	35	"2;1"	"id_073"	100	5	5	0	1.25	1
9	0.966	1	9	9	44	"2;1"	"id_073"	100	5	5	0	1.25	1
10	0.936	1	-8	9	36	"2;1"	"id_073"	100	5	5	0	1.25	1
11	0.617	2	1	9	37	"2;1"	"id_073"	100	5	5	0	1.25	1
12	0.664	1	16	9	53	"2;1"	"id_073"	100	5	5	0	1.25	1
13	0.752	2	5	9	58	"2;1"	"id_073"	100	5	5	0	1.25	1
14	0.672	1	-3	9	55	"2;1"	"id_073"	100	5	5	0	1.25	1
15	0.674	2	4	9	59	"2;1"	"id_073"	100	5	5	0	1.25	1
16	0.522	2	6	9	65	"2;1"	"id_073"	100	5	5	0	1.25	1
17	0.587	1	9	9	74	"2;1"	"id_073"	100	5	5	0	1.25	1
18	0.752	1	9	9	83	"2;1"	"id_073"	100	5	5	0	1.25	1
19	0.664	2	3	9	86	"2;1"	"id_073"	100	5	5	0	1.25	1
20	0.865	2	-1	9	85	"2;1"	"id_073"	100	5	5	0	1.25	1
21	0.552	1	19	9	104	"2;1"	"id_073"	100	5	5	0	1.25	1
22	0.727	1	-3	9	101	"2;1"	"id_073"	100	5	5	0	1.25	1
23	0.664	2	3	9	104	"2;1"	"id_073"	100	5	5	0	1.25	1
24	0.8	2	5	9	109	"2;1"	"id_073"	100	5	5	0	1.25	1
25	1.089	2	2	9	111	"2;1"	"id_073"	100	5	5	0	1.25	1
1	0.574	1	2	10	2	"1;2"	"id_073"	100	5	5	0	1.25	1
2	0.832	2	18	10	20	"1;2"	"id_073"	100	5	5	0	1.25	1
3	0.847	1	4	10	24	"1;2"	"id_073"	100	5	5	0	1.25	1
4	0.529	2	17	10	41	"1;2"	"id_073"	100	5	5	0	1.25	1
5	0.912	1	1	10	42	"1;2"	"id_073"	100	5	5	0	1.25	1
6	0.96	2	-13	10	29	"1;2"	"id_073"	100	5	5	0	1.25	1
7	0.791	1	5	10	34	"1;2"	"id_073"	100	5	5	0	1.25	1
8	0.641	1	2	10	36	"1;2"	"id_073"	100	5	5	0	1.25	1
9	0.552	2	0	10	36	"1;2"	"id_073"	100	5	5	0	1.25	1
10	0.712	1	1	10	37	"1;2"	"id_073"	100	5	5	0	1.25	1
11	1.023	1	2	10	39	"1;2"	"id_073"	100	5	5	0	1.25	1
12	0.808	2	15	10	54	"1;2"	"id_073"	100	5	5	0	1.25	1
13	0.794	1	2	10	56	"1;2"	"id_073"	100	5	5	0	1.25	1
14	0.615	1	4	10	60	"1;2"	"id_073"	100	5	5	0	1.25	1
15	0.64	2	8	10	68	"1;2"	"id_073"	100	5	5	0	1.25	1
16	0.76	1	-2	10	66	"1;2"	"id_073"	100	5	5	0	1.25	1
17	1.019	2	1	10	67	"1;2"	"id_073"	100	5	5	0	1.25	1
18	0.686	2	-1	10	66	"1;2"	"id_073"	100	5	5	0	1.25	1
19	1.099	1	3	10	69	"1;2"	"id_073"	100	5	5	0	1.25	1
20	0.604	1	4	10	73	"1;2"	"id_073"	100	5	5	0	1.25	1
21	0.8	2	-8	10	65	"1;2"	"id_073"	100	5	5	0	1.25	1
22	0.705	1	0	10	65	"1;2"	"id_073"	100	5	5	0	1.25	1
23	1.229	2	7	10	72	"1;2"	"id_073"	100	5	5	0	1.25	1
24	0.522	2	-4	10	68	"1;2"	"id_073"	100	5	5	0	1.25	1
25	0.792	1	4	10	72	"1;2"	"id_073"	100	5	5	0	1.25	1
1	0.57	1	4	11	4	"1;2"	"id_073"	100	5	5	0	1.25	1
2	0.792	2	-3	11	1	"1;2"	"id_073"	100	5	5	0	1.25	1
3	0.536	1	8	11	9	"1;2"	"id_073"	100	5	5	0	1.25	1
4	0.888	1	4	11	13	"1;2"	"id_073"	100	5	5	0	1.25	1
5	0.704	1	2	11	15	"1;2"	"id_073"	100	5	5	0	1.25	1
6	0.609	2	5	11	20	"1;2"	"id_073"	100	5	5	0	1.25	1
7	0.614	2	1	11	21	"1;2"	"id_073"	100	5	5	0	1.25	1
8	0.761	1	6	11	27	"1;2"	"id_073"	100	5	5	0	1.25	1
9	0.96	1	4	11	31	"1;2"	"id_073"	100	5	5	0	1.25	1
10	0.736	1	6	11	37	"1;2"	"id_073"	100	5	5	0	1.25	1
11	0.672	1	0	11	37	"1;2"	"id_073"	100	5	5	0	1.25	1
12	0.681	2	14	11	51	"1;2"	"id_073"	100	5	5	0	1.25	1
13	1.134	2	-7	11	44	"1;2"	"id_073"	100	5	5	0	1.25	1
14	0.761	1	6	11	50	"1;2"	"id_073"	100	5	5	0	1.25	1
15	1.024	1	5	11	55	"1;2"	"id_073"	100	5	5	0	1.25	1
16	0.722	1	7	11	62	"1;2"	"id_073"	100	5	5	0	1.25	1
17	0.766	1	-2	11	60	"1;2"	"id_073"	100	5	5	0	1.25	1
18	0.664	2	-15	11	45	"1;2"	"id_073"	100	5	5	0	1.25	1
19	0.72	1	8	11	53	"1;2"	"id_073"	100	5	5	0	1.25	1
20	0.546	1	4	11	57	"1;2"	"id_073"	100	5	5	0	1.25	1
21	0.526	1	2	11	59	"1;2"	"id_073"	100	5	5	0	1.25	1
22	0.592	1	6	11	65	"1;2"	"id_073"	100	5	5	0	1.25	1
23	1.072	1	5	11	70	"1;2"	"id_073"	100	5	5	0	1.25	1
24	0.72	2	-5	11	65	"1;2"	"id_073"	100	5	5	0	1.25	1
25	0.714	1	10	11	75	"1;2"	"id_073"	100	5	5	0	1.25	1
