"trial"	"time"	"selection"	"outcome"	"game"	"points.cum"	"option.order"	"workerid"	"goal"	"condition"	"n.goals.reached"	"checkFails"	"payout"	"which.high.ev"
1	3.293	2	4	1	4	"1;2"	"id_122"	100	6	4	0	1	1
2	2.847	1	11	1	15	"1;2"	"id_122"	100	6	4	0	1	1
3	25.128	2	1	1	16	"1;2"	"id_122"	100	6	4	0	1	1
4	1.041	1	5	1	21	"1;2"	"id_122"	100	6	4	0	1	1
5	1.231	2	6	1	27	"1;2"	"id_122"	100	6	4	0	1	1
6	0.696	2	4	1	31	"1;2"	"id_122"	100	6	4	0	1	1
7	1.352	1	3	1	34	"1;2"	"id_122"	100	6	4	0	1	1
8	0.632	1	5	1	39	"1;2"	"id_122"	100	6	4	0	1	1
9	0.824	1	5	1	44	"1;2"	"id_122"	100	6	4	0	1	1
10	1.4	2	6	1	50	"1;2"	"id_122"	100	6	4	0	1	1
11	1.752	2	4	1	54	"1;2"	"id_122"	100	6	4	0	1	1
12	0.608	2	3	1	57	"1;2"	"id_122"	100	6	4	0	1	1
13	0.504	2	5	1	62	"1;2"	"id_122"	100	6	4	0	1	1
14	1.377	2	6	1	68	"1;2"	"id_122"	100	6	4	0	1	1
15	0.904	2	3	1	71	"1;2"	"id_122"	100	6	4	0	1	1
16	1.168	1	2	1	73	"1;2"	"id_122"	100	6	4	0	1	1
17	0.88	2	4	1	77	"1;2"	"id_122"	100	6	4	0	1	1
18	0.64	2	2	1	79	"1;2"	"id_122"	100	6	4	0	1	1
19	0.528	2	4	1	83	"1;2"	"id_122"	100	6	4	0	1	1
20	0.616	2	2	1	85	"1;2"	"id_122"	100	6	4	0	1	1
21	0.832	2	0	1	85	"1;2"	"id_122"	100	6	4	0	1	1
22	1.193	1	5	1	90	"1;2"	"id_122"	100	6	4	0	1	1
23	0.657	1	7	1	97	"1;2"	"id_122"	100	6	4	0	1	1
24	0.583	1	2	1	99	"1;2"	"id_122"	100	6	4	0	1	1
25	1.072	1	4	1	103	"1;2"	"id_122"	100	6	4	0	1	1
1	2.903	2	0	2	0	"2;1"	"id_122"	100	6	4	0	1	1
2	0.912	1	3	2	3	"2;1"	"id_122"	100	6	4	0	1	1
3	0.792	1	16	2	19	"2;1"	"id_122"	100	6	4	0	1	1
4	1.16	1	-3	2	16	"2;1"	"id_122"	100	6	4	0	1	1
5	0.897	2	3	2	19	"2;1"	"id_122"	100	6	4	0	1	1
6	0.568	2	2	2	21	"2;1"	"id_122"	100	6	4	0	1	1
7	1.08	1	0	2	21	"2;1"	"id_122"	100	6	4	0	1	1
8	0.856	2	0	2	21	"2;1"	"id_122"	100	6	4	0	1	1
9	0.848	2	-3	2	18	"2;1"	"id_122"	100	6	4	0	1	1
10	0.936	1	-5	2	13	"2;1"	"id_122"	100	6	4	0	1	1
11	0.552	1	-6	2	7	"2;1"	"id_122"	100	6	4	0	1	1
12	0.736	2	3	2	10	"2;1"	"id_122"	100	6	4	0	1	1
13	0.528	2	3	2	13	"2;1"	"id_122"	100	6	4	0	1	1
14	0.585	2	1	2	14	"2;1"	"id_122"	100	6	4	0	1	1
15	0.95	2	7	2	21	"2;1"	"id_122"	100	6	4	0	1	1
16	0.641	2	4	2	25	"2;1"	"id_122"	100	6	4	0	1	1
17	0.815	2	4	2	29	"2;1"	"id_122"	100	6	4	0	1	1
18	1.104	2	4	2	33	"2;1"	"id_122"	100	6	4	0	1	1
19	0.728	2	0	2	33	"2;1"	"id_122"	100	6	4	0	1	1
20	1.664	2	-3	2	30	"2;1"	"id_122"	100	6	4	0	1	1
21	1.2	1	12	2	42	"2;1"	"id_122"	100	6	4	0	1	1
22	0.568	1	15	2	57	"2;1"	"id_122"	100	6	4	0	1	1
23	1.104	1	4	2	61	"2;1"	"id_122"	100	6	4	0	1	1
24	1.016	2	-1	2	60	"2;1"	"id_122"	100	6	4	0	1	1
25	0.633	1	-3	2	57	"2;1"	"id_122"	100	6	4	0	1	1
1	1.26	2	2	3	2	"2;1"	"id_122"	100	6	4	0	1	1
2	0.895	2	2	3	4	"2;1"	"id_122"	100	6	4	0	1	1
3	0.712	2	1	3	5	"2;1"	"id_122"	100	6	4	0	1	1
4	1.624	2	7	3	12	"2;1"	"id_122"	100	6	4	0	1	1
5	0.576	2	7	3	19	"2;1"	"id_122"	100	6	4	0	1	1
6	0.624	2	-1	3	18	"2;1"	"id_122"	100	6	4	0	1	1
7	1.224	1	11	3	29	"2;1"	"id_122"	100	6	4	0	1	1
8	0.568	1	11	3	40	"2;1"	"id_122"	100	6	4	0	1	1
9	0.697	1	2	3	42	"2;1"	"id_122"	100	6	4	0	1	1
10	0.904	2	5	3	47	"2;1"	"id_122"	100	6	4	0	1	1
11	0.912	2	0	3	47	"2;1"	"id_122"	100	6	4	0	1	1
12	0.792	1	22	3	69	"2;1"	"id_122"	100	6	4	0	1	1
13	0.688	1	2	3	71	"2;1"	"id_122"	100	6	4	0	1	1
14	0.992	2	0	3	71	"2;1"	"id_122"	100	6	4	0	1	1
15	0.624	1	7	3	78	"2;1"	"id_122"	100	6	4	0	1	1
16	0.624	1	10	3	88	"2;1"	"id_122"	100	6	4	0	1	1
17	0.568	1	3	3	91	"2;1"	"id_122"	100	6	4	0	1	1
18	0.839	2	1	3	92	"2;1"	"id_122"	100	6	4	0	1	1
19	0.616	1	-3	3	89	"2;1"	"id_122"	100	6	4	0	1	1
20	0.745	2	3	3	92	"2;1"	"id_122"	100	6	4	0	1	1
21	1.167	2	5	3	97	"2;1"	"id_122"	100	6	4	0	1	1
22	0.72	2	6	3	103	"2;1"	"id_122"	100	6	4	0	1	1
23	0.752	2	4	3	107	"2;1"	"id_122"	100	6	4	0	1	1
24	0.897	2	1	3	108	"2;1"	"id_122"	100	6	4	0	1	1
25	1.082	1	-9	3	99	"2;1"	"id_122"	100	6	4	0	1	1
1	0.907	2	11	4	11	"1;2"	"id_122"	100	6	4	0	1	1
2	0.712	2	-3	4	8	"1;2"	"id_122"	100	6	4	0	1	1
3	1.048	1	0	4	8	"1;2"	"id_122"	100	6	4	0	1	1
4	0.831	2	9	4	17	"1;2"	"id_122"	100	6	4	0	1	1
5	0.777	2	3	4	20	"1;2"	"id_122"	100	6	4	0	1	1
6	0.679	2	0	4	20	"1;2"	"id_122"	100	6	4	0	1	1
7	0.872	1	-1	4	19	"1;2"	"id_122"	100	6	4	0	1	1
8	0.768	2	13	4	32	"1;2"	"id_122"	100	6	4	0	1	1
9	0.576	2	20	4	52	"1;2"	"id_122"	100	6	4	0	1	1
10	0.552	2	-4	4	48	"1;2"	"id_122"	100	6	4	0	1	1
11	0.936	1	2	4	50	"1;2"	"id_122"	100	6	4	0	1	1
12	0.544	1	6	4	56	"1;2"	"id_122"	100	6	4	0	1	1
13	0.6	1	5	4	61	"1;2"	"id_122"	100	6	4	0	1	1
14	0.616	1	1	4	62	"1;2"	"id_122"	100	6	4	0	1	1
15	0.704	2	-11	4	51	"1;2"	"id_122"	100	6	4	0	1	1
16	0.92	1	-1	4	50	"1;2"	"id_122"	100	6	4	0	1	1
17	0.672	1	0	4	50	"1;2"	"id_122"	100	6	4	0	1	1
18	1.081	1	6	4	56	"1;2"	"id_122"	100	6	4	0	1	1
19	1.504	1	8	4	64	"1;2"	"id_122"	100	6	4	0	1	1
20	0.512	1	1	4	65	"1;2"	"id_122"	100	6	4	0	1	1
21	0.872	1	5	4	70	"1;2"	"id_122"	100	6	4	0	1	1
22	9.039	1	0	4	70	"1;2"	"id_122"	100	6	4	0	1	1
23	1.684	1	5	4	75	"1;2"	"id_122"	100	6	4	0	1	1
24	1.044	2	10	4	85	"1;2"	"id_122"	100	6	4	0	1	1
25	0.752	2	3	4	88	"1;2"	"id_122"	100	6	4	0	1	1
1	1.02	2	10	5	10	"1;2"	"id_122"	100	6	4	0	1	1
2	1.312	2	-6	5	4	"1;2"	"id_122"	100	6	4	0	1	1
3	0.896	1	-5	5	-1	"1;2"	"id_122"	100	6	4	0	1	1
4	0.824	2	-11	5	-12	"1;2"	"id_122"	100	6	4	0	1	1
5	1.127	1	3	5	-9	"1;2"	"id_122"	100	6	4	0	1	1
6	0.608	1	1	5	-8	"1;2"	"id_122"	100	6	4	0	1	1
7	0.672	1	-1	5	-9	"1;2"	"id_122"	100	6	4	0	1	1
8	0.914	2	0	5	-9	"1;2"	"id_122"	100	6	4	0	1	1
9	0.574	2	-4	5	-13	"1;2"	"id_122"	100	6	4	0	1	1
10	0.832	1	4	5	-9	"1;2"	"id_122"	100	6	4	0	1	1
11	0.552	1	0	5	-9	"1;2"	"id_122"	100	6	4	0	1	1
12	0.656	1	3	5	-6	"1;2"	"id_122"	100	6	4	0	1	1
13	0.552	1	2	5	-4	"1;2"	"id_122"	100	6	4	0	1	1
14	0.504	1	4	5	0	"1;2"	"id_122"	100	6	4	0	1	1
15	0.664	1	1	5	1	"1;2"	"id_122"	100	6	4	0	1	1
16	3.257	1	4	5	5	"1;2"	"id_122"	100	6	4	0	1	1
17	0.856	1	4	5	9	"1;2"	"id_122"	100	6	4	0	1	1
18	0.72	1	5	5	14	"1;2"	"id_122"	100	6	4	0	1	1
19	0.728	1	5	5	19	"1;2"	"id_122"	100	6	4	0	1	1
20	0.632	1	7	5	26	"1;2"	"id_122"	100	6	4	0	1	1
21	0.584	1	6	5	32	"1;2"	"id_122"	100	6	4	0	1	1
22	0.544	1	3	5	35	"1;2"	"id_122"	100	6	4	0	1	1
23	0.552	1	2	5	37	"1;2"	"id_122"	100	6	4	0	1	1
24	0.584	1	1	5	38	"1;2"	"id_122"	100	6	4	0	1	1
25	0.591	1	6	5	44	"1;2"	"id_122"	100	6	4	0	1	1
1	0.964	2	0	6	0	"1;2"	"id_122"	100	6	4	0	1	1
2	0.832	2	5	6	5	"1;2"	"id_122"	100	6	4	0	1	1
3	0.72	2	2	6	7	"1;2"	"id_122"	100	6	4	0	1	1
4	0.736	2	-8	6	-1	"1;2"	"id_122"	100	6	4	0	1	1
5	0.872	2	10	6	9	"1;2"	"id_122"	100	6	4	0	1	1
6	0.889	2	9	6	18	"1;2"	"id_122"	100	6	4	0	1	1
7	0.728	2	-12	6	6	"1;2"	"id_122"	100	6	4	0	1	1
8	0.816	2	9	6	15	"1;2"	"id_122"	100	6	4	0	1	1
9	0.944	2	-1	6	14	"1;2"	"id_122"	100	6	4	0	1	1
10	0.928	2	0	6	14	"1;2"	"id_122"	100	6	4	0	1	1
11	0.752	2	8	6	22	"1;2"	"id_122"	100	6	4	0	1	1
12	1.064	2	25	6	47	"1;2"	"id_122"	100	6	4	0	1	1
13	1.32	2	16	6	63	"1;2"	"id_122"	100	6	4	0	1	1
14	1.072	2	12	6	75	"1;2"	"id_122"	100	6	4	0	1	1
15	1.183	2	6	6	81	"1;2"	"id_122"	100	6	4	0	1	1
16	1.033	2	3	6	84	"1;2"	"id_122"	100	6	4	0	1	1
17	1.727	1	1	6	85	"1;2"	"id_122"	100	6	4	0	1	1
18	1.424	1	-1	6	84	"1;2"	"id_122"	100	6	4	0	1	1
19	0.952	2	9	6	93	"1;2"	"id_122"	100	6	4	0	1	1
20	0.976	2	13	6	106	"1;2"	"id_122"	100	6	4	0	1	1
21	1.632	2	6	6	112	"1;2"	"id_122"	100	6	4	0	1	1
22	1.241	2	14	6	126	"1;2"	"id_122"	100	6	4	0	1	1
23	1.192	2	5	6	131	"1;2"	"id_122"	100	6	4	0	1	1
24	1.208	2	1	6	132	"1;2"	"id_122"	100	6	4	0	1	1
25	0.896	2	0	6	132	"1;2"	"id_122"	100	6	4	0	1	1
1	0.956	1	7	7	7	"2;1"	"id_122"	100	6	4	0	1	1
2	1.002	1	10	7	17	"2;1"	"id_122"	100	6	4	0	1	1
3	0.6	1	15	7	32	"2;1"	"id_122"	100	6	4	0	1	1
4	0.808	1	7	7	39	"2;1"	"id_122"	100	6	4	0	1	1
5	0.8	1	21	7	60	"2;1"	"id_122"	100	6	4	0	1	1
6	0.752	1	2	7	62	"2;1"	"id_122"	100	6	4	0	1	1
7	0.808	1	19	7	81	"2;1"	"id_122"	100	6	4	0	1	1
8	0.856	1	-5	7	76	"2;1"	"id_122"	100	6	4	0	1	1
9	1.072	2	4	7	80	"2;1"	"id_122"	100	6	4	0	1	1
10	0.776	2	2	7	82	"2;1"	"id_122"	100	6	4	0	1	1
11	1.593	2	3	7	85	"2;1"	"id_122"	100	6	4	0	1	1
12	0.68	2	2	7	87	"2;1"	"id_122"	100	6	4	0	1	1
13	0.824	2	5	7	92	"2;1"	"id_122"	100	6	4	0	1	1
14	0.832	2	4	7	96	"2;1"	"id_122"	100	6	4	0	1	1
15	0.888	2	2	7	98	"2;1"	"id_122"	100	6	4	0	1	1
16	0.864	2	0	7	98	"2;1"	"id_122"	100	6	4	0	1	1
17	1.728	1	17	7	115	"2;1"	"id_122"	100	6	4	0	1	1
18	1.375	2	6	7	121	"2;1"	"id_122"	100	6	4	0	1	1
19	0.953	2	3	7	124	"2;1"	"id_122"	100	6	4	0	1	1
20	1.423	2	-1	7	123	"2;1"	"id_122"	100	6	4	0	1	1
21	0.992	1	-7	7	116	"2;1"	"id_122"	100	6	4	0	1	1
22	0.952	2	4	7	120	"2;1"	"id_122"	100	6	4	0	1	1
23	0.872	2	7	7	127	"2;1"	"id_122"	100	6	4	0	1	1
24	0.704	2	5	7	132	"2;1"	"id_122"	100	6	4	0	1	1
25	1.192	2	1	7	133	"2;1"	"id_122"	100	6	4	0	1	1
1	0.903	1	16	8	16	"2;1"	"id_122"	100	6	4	0	1	1
2	1.2	2	2	8	18	"2;1"	"id_122"	100	6	4	0	1	1
3	0.704	1	7	8	25	"2;1"	"id_122"	100	6	4	0	1	1
4	0.608	1	5	8	30	"2;1"	"id_122"	100	6	4	0	1	1
5	0.8	1	11	8	41	"2;1"	"id_122"	100	6	4	0	1	1
6	0.824	1	-2	8	39	"2;1"	"id_122"	100	6	4	0	1	1
7	0.952	2	4	8	43	"2;1"	"id_122"	100	6	4	0	1	1
8	0.527	2	2	8	45	"2;1"	"id_122"	100	6	4	0	1	1
9	0.664	2	3	8	48	"2;1"	"id_122"	100	6	4	0	1	1
10	0.656	2	-1	8	47	"2;1"	"id_122"	100	6	4	0	1	1
11	0.833	1	9	8	56	"2;1"	"id_122"	100	6	4	0	1	1
12	0.535	1	6	8	62	"2;1"	"id_122"	100	6	4	0	1	1
13	0.56	1	19	8	81	"2;1"	"id_122"	100	6	4	0	1	1
14	0.665	1	11	8	92	"2;1"	"id_122"	100	6	4	0	1	1
15	0.615	1	10	8	102	"2;1"	"id_122"	100	6	4	0	1	1
16	0.744	1	-8	8	94	"2;1"	"id_122"	100	6	4	0	1	1
17	0.944	2	8	8	102	"2;1"	"id_122"	100	6	4	0	1	1
18	0.52	2	8	8	110	"2;1"	"id_122"	100	6	4	0	1	1
19	1.456	1	6	8	116	"2;1"	"id_122"	100	6	4	0	1	1
20	0.632	2	1	8	117	"2;1"	"id_122"	100	6	4	0	1	1
21	0.817	1	-12	8	105	"2;1"	"id_122"	100	6	4	0	1	1
22	0.88	2	0	8	105	"2;1"	"id_122"	100	6	4	0	1	1
23	0.944	2	2	8	107	"2;1"	"id_122"	100	6	4	0	1	1
24	0.8	2	0	8	107	"2;1"	"id_122"	100	6	4	0	1	1
25	2.84	2	3	8	110	"2;1"	"id_122"	100	6	4	0	1	1
1	1.134	1	15	9	15	"2;1"	"id_122"	100	6	4	0	1	1
2	0.885	1	-33	9	-18	"2;1"	"id_122"	100	6	4	0	1	1
3	1.08	2	3	9	-15	"2;1"	"id_122"	100	6	4	0	1	1
4	0.592	2	0	9	-15	"2;1"	"id_122"	100	6	4	0	1	1
5	0.768	2	2	9	-13	"2;1"	"id_122"	100	6	4	0	1	1
6	0.864	1	6	9	-7	"2;1"	"id_122"	100	6	4	0	1	1
7	0.512	1	6	9	-1	"2;1"	"id_122"	100	6	4	0	1	1
8	0.816	1	-5	9	-6	"2;1"	"id_122"	100	6	4	0	1	1
9	0.88	2	0	9	-6	"2;1"	"id_122"	100	6	4	0	1	1
10	0.552	2	-2	9	-8	"2;1"	"id_122"	100	6	4	0	1	1
11	0.944	1	10	9	2	"2;1"	"id_122"	100	6	4	0	1	1
12	0.891	1	13	9	15	"2;1"	"id_122"	100	6	4	0	1	1
13	3.176	1	-1	9	14	"2;1"	"id_122"	100	6	4	0	1	1
14	0.888	2	3	9	17	"2;1"	"id_122"	100	6	4	0	1	1
15	0.936	2	3	9	20	"2;1"	"id_122"	100	6	4	0	1	1
16	0.88	2	2	9	22	"2;1"	"id_122"	100	6	4	0	1	1
17	0.968	1	-1	9	21	"2;1"	"id_122"	100	6	4	0	1	1
18	0.728	2	1	9	22	"2;1"	"id_122"	100	6	4	0	1	1
19	0.671	2	7	9	29	"2;1"	"id_122"	100	6	4	0	1	1
20	0.912	2	2	9	31	"2;1"	"id_122"	100	6	4	0	1	1
21	0.592	1	2	9	33	"2;1"	"id_122"	100	6	4	0	1	1
22	0.68	1	26	9	59	"2;1"	"id_122"	100	6	4	0	1	1
23	1.232	1	17	9	76	"2;1"	"id_122"	100	6	4	0	1	1
24	1.408	1	-5	9	71	"2;1"	"id_122"	100	6	4	0	1	1
25	1.12	2	1	9	72	"2;1"	"id_122"	100	6	4	0	1	1
1	0.924	1	1	10	1	"1;2"	"id_122"	100	6	4	0	1	1
2	0.704	2	7	10	8	"1;2"	"id_122"	100	6	4	0	1	1
3	0.544	2	0	10	8	"1;2"	"id_122"	100	6	4	0	1	1
4	0.8	1	5	10	13	"1;2"	"id_122"	100	6	4	0	1	1
5	0.76	1	5	10	18	"1;2"	"id_122"	100	6	4	0	1	1
6	1.032	1	1	10	19	"1;2"	"id_122"	100	6	4	0	1	1
7	0.703	2	-5	10	14	"1;2"	"id_122"	100	6	4	0	1	1
8	0.84	1	4	10	18	"1;2"	"id_122"	100	6	4	0	1	1
9	0.528	1	0	10	18	"1;2"	"id_122"	100	6	4	0	1	1
10	0.776	2	-13	10	5	"1;2"	"id_122"	100	6	4	0	1	1
11	0.832	1	1	10	6	"1;2"	"id_122"	100	6	4	0	1	1
12	0.753	1	3	10	9	"1;2"	"id_122"	100	6	4	0	1	1
13	0.703	1	-1	10	8	"1;2"	"id_122"	100	6	4	0	1	1
14	0.912	2	0	10	8	"1;2"	"id_122"	100	6	4	0	1	1
15	0.538	2	7	10	15	"1;2"	"id_122"	100	6	4	0	1	1
16	0.502	2	16	10	31	"1;2"	"id_122"	100	6	4	0	1	1
17	0.688	2	23	10	54	"1;2"	"id_122"	100	6	4	0	1	1
18	0.832	2	1	10	55	"1;2"	"id_122"	100	6	4	0	1	1
19	1.225	2	-13	10	42	"1;2"	"id_122"	100	6	4	0	1	1
20	1.016	1	5	10	47	"1;2"	"id_122"	100	6	4	0	1	1
21	1.104	2	14	10	61	"1;2"	"id_122"	100	6	4	0	1	1
22	0.568	2	-3	10	58	"1;2"	"id_122"	100	6	4	0	1	1
23	0.848	1	3	10	61	"1;2"	"id_122"	100	6	4	0	1	1
24	0.552	1	3	10	64	"1;2"	"id_122"	100	6	4	0	1	1
25	0.68	2	4	10	68	"1;2"	"id_122"	100	6	4	0	1	1
1	0.762	1	5	11	5	"2;1"	"id_122"	100	6	4	0	1	1
2	0.528	1	9	11	14	"2;1"	"id_122"	100	6	4	0	1	1
3	0.536	2	4	11	18	"2;1"	"id_122"	100	6	4	0	1	1
4	0.503	1	-5	11	13	"2;1"	"id_122"	100	6	4	0	1	1
5	0.728	2	0	11	13	"2;1"	"id_122"	100	6	4	0	1	1
6	0.808	2	3	11	16	"2;1"	"id_122"	100	6	4	0	1	1
7	0.976	1	21	11	37	"2;1"	"id_122"	100	6	4	0	1	1
8	0.568	2	7	11	44	"2;1"	"id_122"	100	6	4	0	1	1
9	0.648	1	4	11	48	"2;1"	"id_122"	100	6	4	0	1	1
10	0.744	2	2	11	50	"2;1"	"id_122"	100	6	4	0	1	1
11	0.68	1	26	11	76	"2;1"	"id_122"	100	6	4	0	1	1
12	0.752	1	-27	11	49	"2;1"	"id_122"	100	6	4	0	1	1
13	0.832	2	5	11	54	"2;1"	"id_122"	100	6	4	0	1	1
14	0.592	2	1	11	55	"2;1"	"id_122"	100	6	4	0	1	1
15	0.561	2	6	11	61	"2;1"	"id_122"	100	6	4	0	1	1
16	0.576	2	0	11	61	"2;1"	"id_122"	100	6	4	0	1	1
17	1.24	1	10	11	71	"2;1"	"id_122"	100	6	4	0	1	1
18	0.832	1	-7	11	64	"2;1"	"id_122"	100	6	4	0	1	1
19	0.8	2	-2	11	62	"2;1"	"id_122"	100	6	4	0	1	1
20	0.952	1	0	11	62	"2;1"	"id_122"	100	6	4	0	1	1
21	0.512	1	7	11	69	"2;1"	"id_122"	100	6	4	0	1	1
22	0.568	1	3	11	72	"2;1"	"id_122"	100	6	4	0	1	1
23	0.823	2	1	11	73	"2;1"	"id_122"	100	6	4	0	1	1
24	0.745	1	-3	11	70	"2;1"	"id_122"	100	6	4	0	1	1
25	0.776	2	2	11	72	"2;1"	"id_122"	100	6	4	0	1	1
