"trial"	"time"	"selection"	"outcome"	"game"	"points.cum"	"option.order"	"workerid"	"goal"	"condition"	"n.goals.reached"	"checkFails"	"payout"	"which.high.ev"
1	1.16	1	4	1	4	"2;1"	"id_367"	0	2	NA	0	0.99	2
2	1.041	1	4	1	8	"2;1"	"id_367"	0	2	NA	0	0.99	2
3	0.878	1	3	1	11	"2;1"	"id_367"	0	2	NA	0	0.99	2
4	0.638	1	2	1	13	"2;1"	"id_367"	0	2	NA	0	0.99	2
5	1.063	2	2	1	15	"2;1"	"id_367"	0	2	NA	0	0.99	2
6	0.781	2	2	1	17	"2;1"	"id_367"	0	2	NA	0	0.99	2
7	0.554	1	2	1	19	"2;1"	"id_367"	0	2	NA	0	0.99	2
8	0.533	1	5	1	24	"2;1"	"id_367"	0	2	NA	0	0.99	2
9	0.898	1	2	1	26	"2;1"	"id_367"	0	2	NA	0	0.99	2
10	1.28	2	3	1	29	"2;1"	"id_367"	0	2	NA	0	0.99	2
11	0.556	2	3	1	32	"2;1"	"id_367"	0	2	NA	0	0.99	2
12	0.607	2	4	1	36	"2;1"	"id_367"	0	2	NA	0	0.99	2
13	0.623	1	2	1	38	"2;1"	"id_367"	0	2	NA	0	0.99	2
14	0.984	2	4	1	42	"2;1"	"id_367"	0	2	NA	0	0.99	2
15	0.748	2	2	1	44	"2;1"	"id_367"	0	2	NA	0	0.99	2
16	0.617	1	4	1	48	"2;1"	"id_367"	0	2	NA	0	0.99	2
17	0.564	1	5	1	53	"2;1"	"id_367"	0	2	NA	0	0.99	2
18	0.564	1	0	1	53	"2;1"	"id_367"	0	2	NA	0	0.99	2
19	0.741	2	3	1	56	"2;1"	"id_367"	0	2	NA	0	0.99	2
20	1.1	1	6	1	62	"2;1"	"id_367"	0	2	NA	0	0.99	2
21	0.704	1	3	1	65	"2;1"	"id_367"	0	2	NA	0	0.99	2
22	0.763	2	6	1	71	"2;1"	"id_367"	0	2	NA	0	0.99	2
23	0.628	2	1	1	72	"2;1"	"id_367"	0	2	NA	0	0.99	2
24	0.688	1	5	1	77	"2;1"	"id_367"	0	2	NA	0	0.99	2
25	0.607	1	4	1	81	"2;1"	"id_367"	0	2	NA	0	0.99	2
1	3.098	1	3	2	3	"1;2"	"id_367"	0	2	NA	0	0.99	2
2	0.938	2	-22	2	-19	"1;2"	"id_367"	0	2	NA	0	0.99	2
3	1.024	1	6	2	-13	"1;2"	"id_367"	0	2	NA	0	0.99	2
4	0.805	1	6	2	-7	"1;2"	"id_367"	0	2	NA	0	0.99	2
5	0.987	1	6	2	-1	"1;2"	"id_367"	0	2	NA	0	0.99	2
6	0.761	1	4	2	3	"1;2"	"id_367"	0	2	NA	0	0.99	2
7	0.859	2	-12	2	-9	"1;2"	"id_367"	0	2	NA	0	0.99	2
8	0.73	1	3	2	-6	"1;2"	"id_367"	0	2	NA	0	0.99	2
9	0.521	1	6	2	0	"1;2"	"id_367"	0	2	NA	0	0.99	2
10	0.965	1	7	2	7	"1;2"	"id_367"	0	2	NA	0	0.99	2
11	0.632	1	5	2	12	"1;2"	"id_367"	0	2	NA	0	0.99	2
12	0.836	1	3	2	15	"1;2"	"id_367"	0	2	NA	0	0.99	2
13	0.935	1	4	2	19	"1;2"	"id_367"	0	2	NA	0	0.99	2
14	0.783	1	7	2	26	"1;2"	"id_367"	0	2	NA	0	0.99	2
15	0.589	1	9	2	35	"1;2"	"id_367"	0	2	NA	0	0.99	2
16	0.571	1	5	2	40	"1;2"	"id_367"	0	2	NA	0	0.99	2
17	0.587	1	4	2	44	"1;2"	"id_367"	0	2	NA	0	0.99	2
18	0.622	1	5	2	49	"1;2"	"id_367"	0	2	NA	0	0.99	2
19	0.681	2	-3	2	46	"1;2"	"id_367"	0	2	NA	0	0.99	2
20	0.712	1	6	2	52	"1;2"	"id_367"	0	2	NA	0	0.99	2
21	1.157	2	12	2	64	"1;2"	"id_367"	0	2	NA	0	0.99	2
22	0.95	2	13	2	77	"1;2"	"id_367"	0	2	NA	0	0.99	2
23	0.665	2	11	2	88	"1;2"	"id_367"	0	2	NA	0	0.99	2
24	0.691	2	-13	2	75	"1;2"	"id_367"	0	2	NA	0	0.99	2
25	0.883	1	6	2	81	"1;2"	"id_367"	0	2	NA	0	0.99	2
1	1.331	1	7	3	7	"1;2"	"id_367"	0	2	NA	0	0.99	2
2	0.692	1	3	3	10	"1;2"	"id_367"	0	2	NA	0	0.99	2
3	0.511	2	7	3	17	"1;2"	"id_367"	0	2	NA	0	0.99	2
4	0.848	1	4	3	21	"1;2"	"id_367"	0	2	NA	0	0.99	2
5	0.684	2	5	3	26	"1;2"	"id_367"	0	2	NA	0	0.99	2
6	0.732	1	0	3	26	"1;2"	"id_367"	0	2	NA	0	0.99	2
7	0.754	2	-5	3	21	"1;2"	"id_367"	0	2	NA	0	0.99	2
8	0.747	1	8	3	29	"1;2"	"id_367"	0	2	NA	0	0.99	2
9	0.788	1	6	3	35	"1;2"	"id_367"	0	2	NA	0	0.99	2
10	0.574	1	4	3	39	"1;2"	"id_367"	0	2	NA	0	0.99	2
11	0.91	1	4	3	43	"1;2"	"id_367"	0	2	NA	0	0.99	2
12	0.669	1	5	3	48	"1;2"	"id_367"	0	2	NA	0	0.99	2
13	0.51	1	5	3	53	"1;2"	"id_367"	0	2	NA	0	0.99	2
14	0.516	1	5	3	58	"1;2"	"id_367"	0	2	NA	0	0.99	2
15	0.608	1	4	3	62	"1;2"	"id_367"	0	2	NA	0	0.99	2
16	0.643	2	-14	3	48	"1;2"	"id_367"	0	2	NA	0	0.99	2
17	0.665	1	1	3	49	"1;2"	"id_367"	0	2	NA	0	0.99	2
18	0.635	1	2	3	51	"1;2"	"id_367"	0	2	NA	0	0.99	2
19	0.818	2	11	3	62	"1;2"	"id_367"	0	2	NA	0	0.99	2
20	0.713	1	3	3	65	"1;2"	"id_367"	0	2	NA	0	0.99	2
21	0.842	1	1	3	66	"1;2"	"id_367"	0	2	NA	0	0.99	2
22	0.628	2	-4	3	62	"1;2"	"id_367"	0	2	NA	0	0.99	2
23	0.729	1	4	3	66	"1;2"	"id_367"	0	2	NA	0	0.99	2
24	2.715	1	5	3	71	"1;2"	"id_367"	0	2	NA	0	0.99	2
25	1.201	1	2	3	73	"1;2"	"id_367"	0	2	NA	0	0.99	2
1	0.834	2	0	4	0	"1;2"	"id_367"	0	2	NA	0	0.99	2
2	1.073	2	-20	4	-20	"1;2"	"id_367"	0	2	NA	0	0.99	2
3	0.625	2	-2	4	-22	"1;2"	"id_367"	0	2	NA	0	0.99	2
4	0.503	2	1	4	-21	"1;2"	"id_367"	0	2	NA	0	0.99	2
5	0.545	2	16	4	-5	"1;2"	"id_367"	0	2	NA	0	0.99	2
6	1.112	2	7	4	2	"1;2"	"id_367"	0	2	NA	0	0.99	2
7	0.648	2	15	4	17	"1;2"	"id_367"	0	2	NA	0	0.99	2
8	0.673	2	14	4	31	"1;2"	"id_367"	0	2	NA	0	0.99	2
9	0.609	2	-6	4	25	"1;2"	"id_367"	0	2	NA	0	0.99	2
10	0.919	1	4	4	29	"1;2"	"id_367"	0	2	NA	0	0.99	2
11	0.539	1	4	4	33	"1;2"	"id_367"	0	2	NA	0	0.99	2
12	0.589	1	5	4	38	"1;2"	"id_367"	0	2	NA	0	0.99	2
13	0.556	1	6	4	44	"1;2"	"id_367"	0	2	NA	0	0.99	2
14	0.516	1	2	4	46	"1;2"	"id_367"	0	2	NA	0	0.99	2
15	0.521	1	5	4	51	"1;2"	"id_367"	0	2	NA	0	0.99	2
16	1.011	1	9	4	60	"1;2"	"id_367"	0	2	NA	0	0.99	2
17	0.569	1	7	4	67	"1;2"	"id_367"	0	2	NA	0	0.99	2
18	0.97	1	7	4	74	"1;2"	"id_367"	0	2	NA	0	0.99	2
19	0.642	1	8	4	82	"1;2"	"id_367"	0	2	NA	0	0.99	2
20	0.563	1	1	4	83	"1;2"	"id_367"	0	2	NA	0	0.99	2
21	0.532	1	2	4	85	"1;2"	"id_367"	0	2	NA	0	0.99	2
22	0.56	1	3	4	88	"1;2"	"id_367"	0	2	NA	0	0.99	2
23	0.542	1	2	4	90	"1;2"	"id_367"	0	2	NA	0	0.99	2
24	1.11	1	0	4	90	"1;2"	"id_367"	0	2	NA	0	0.99	2
25	0.505	1	6	4	96	"1;2"	"id_367"	0	2	NA	0	0.99	2
1	1.001	2	4	5	4	"2;1"	"id_367"	0	2	NA	0	0.99	2
2	0.772	2	6	5	10	"2;1"	"id_367"	0	2	NA	0	0.99	2
3	0.632	1	2	5	12	"2;1"	"id_367"	0	2	NA	0	0.99	2
4	1.137	2	5	5	17	"2;1"	"id_367"	0	2	NA	0	0.99	2
5	0.8	1	-10	5	7	"2;1"	"id_367"	0	2	NA	0	0.99	2
6	0.683	2	5	5	12	"2;1"	"id_367"	0	2	NA	0	0.99	2
7	0.567	1	9	5	21	"2;1"	"id_367"	0	2	NA	0	0.99	2
8	0.622	1	13	5	34	"2;1"	"id_367"	0	2	NA	0	0.99	2
9	0.623	1	-16	5	18	"2;1"	"id_367"	0	2	NA	0	0.99	2
10	0.929	1	-1	5	17	"2;1"	"id_367"	0	2	NA	0	0.99	2
11	0.571	1	17	5	34	"2;1"	"id_367"	0	2	NA	0	0.99	2
12	0.518	1	-26	5	8	"2;1"	"id_367"	0	2	NA	0	0.99	2
13	0.625	1	0	5	8	"2;1"	"id_367"	0	2	NA	0	0.99	2
14	0.663	1	5	5	13	"2;1"	"id_367"	0	2	NA	0	0.99	2
15	1.175	1	20	5	33	"2;1"	"id_367"	0	2	NA	0	0.99	2
16	0.663	1	-1	5	32	"2;1"	"id_367"	0	2	NA	0	0.99	2
17	0.668	1	6	5	38	"2;1"	"id_367"	0	2	NA	0	0.99	2
18	0.599	1	-8	5	30	"2;1"	"id_367"	0	2	NA	0	0.99	2
19	0.619	1	-10	5	20	"2;1"	"id_367"	0	2	NA	0	0.99	2
20	0.539	1	-7	5	13	"2;1"	"id_367"	0	2	NA	0	0.99	2
21	0.501	1	-6	5	7	"2;1"	"id_367"	0	2	NA	0	0.99	2
22	0.941	1	6	5	13	"2;1"	"id_367"	0	2	NA	0	0.99	2
23	0.743	2	3	5	16	"2;1"	"id_367"	0	2	NA	0	0.99	2
24	0.906	2	2	5	18	"2;1"	"id_367"	0	2	NA	0	0.99	2
25	0.728	2	5	5	23	"2;1"	"id_367"	0	2	NA	0	0.99	2
1	0.718	1	-1	6	-1	"1;2"	"id_367"	0	2	NA	0	0.99	2
2	1.156	1	6	6	5	"1;2"	"id_367"	0	2	NA	0	0.99	2
3	0.958	1	3	6	8	"1;2"	"id_367"	0	2	NA	0	0.99	2
4	0.988	1	2	6	10	"1;2"	"id_367"	0	2	NA	0	0.99	2
5	0.905	1	8	6	18	"1;2"	"id_367"	0	2	NA	0	0.99	2
6	0.854	1	6	6	24	"1;2"	"id_367"	0	2	NA	0	0.99	2
7	0.828	1	7	6	31	"1;2"	"id_367"	0	2	NA	0	0.99	2
8	0.843	2	-5	6	26	"1;2"	"id_367"	0	2	NA	0	0.99	2
9	1.029	2	-1	6	25	"1;2"	"id_367"	0	2	NA	0	0.99	2
10	0.684	2	-11	6	14	"1;2"	"id_367"	0	2	NA	0	0.99	2
11	0.56	2	9	6	23	"1;2"	"id_367"	0	2	NA	0	0.99	2
12	1.085	2	18	6	41	"1;2"	"id_367"	0	2	NA	0	0.99	2
13	1.51	1	6	6	47	"1;2"	"id_367"	0	2	NA	0	0.99	2
14	2.344	2	6	6	53	"1;2"	"id_367"	0	2	NA	0	0.99	2
15	0.88	1	4	6	57	"1;2"	"id_367"	0	2	NA	0	0.99	2
16	0.981	1	2	6	59	"1;2"	"id_367"	0	2	NA	0	0.99	2
17	0.918	1	6	6	65	"1;2"	"id_367"	0	2	NA	0	0.99	2
18	0.684	2	-12	6	53	"1;2"	"id_367"	0	2	NA	0	0.99	2
19	0.931	2	3	6	56	"1;2"	"id_367"	0	2	NA	0	0.99	2
20	1.009	2	6	6	62	"1;2"	"id_367"	0	2	NA	0	0.99	2
21	0.771	2	9	6	71	"1;2"	"id_367"	0	2	NA	0	0.99	2
22	1.381	2	-17	6	54	"1;2"	"id_367"	0	2	NA	0	0.99	2
23	0.996	2	-12	6	42	"1;2"	"id_367"	0	2	NA	0	0.99	2
24	0.755	2	-6	6	36	"1;2"	"id_367"	0	2	NA	0	0.99	2
25	0.597	2	1	6	37	"1;2"	"id_367"	0	2	NA	0	0.99	2
1	1.513	1	3	7	3	"1;2"	"id_367"	0	2	NA	0	0.99	2
2	0.861	1	7	7	10	"1;2"	"id_367"	0	2	NA	0	0.99	2
3	0.882	1	5	7	15	"1;2"	"id_367"	0	2	NA	0	0.99	2
4	0.523	1	3	7	18	"1;2"	"id_367"	0	2	NA	0	0.99	2
5	0.945	1	6	7	24	"1;2"	"id_367"	0	2	NA	0	0.99	2
6	0.922	1	5	7	29	"1;2"	"id_367"	0	2	NA	0	0.99	2
7	0.962	1	3	7	32	"1;2"	"id_367"	0	2	NA	0	0.99	2
8	0.812	1	2	7	34	"1;2"	"id_367"	0	2	NA	0	0.99	2
9	0.643	1	9	7	43	"1;2"	"id_367"	0	2	NA	0	0.99	2
10	0.728	1	3	7	46	"1;2"	"id_367"	0	2	NA	0	0.99	2
11	0.636	1	6	7	52	"1;2"	"id_367"	0	2	NA	0	0.99	2
12	0.601	1	2	7	54	"1;2"	"id_367"	0	2	NA	0	0.99	2
13	0.581	1	7	7	61	"1;2"	"id_367"	0	2	NA	0	0.99	2
14	0.559	1	3	7	64	"1;2"	"id_367"	0	2	NA	0	0.99	2
15	0.583	1	5	7	69	"1;2"	"id_367"	0	2	NA	0	0.99	2
16	0.522	1	6	7	75	"1;2"	"id_367"	0	2	NA	0	0.99	2
17	1.001	1	3	7	78	"1;2"	"id_367"	0	2	NA	0	0.99	2
18	0.548	1	5	7	83	"1;2"	"id_367"	0	2	NA	0	0.99	2
19	0.546	1	3	7	86	"1;2"	"id_367"	0	2	NA	0	0.99	2
20	0.531	1	3	7	89	"1;2"	"id_367"	0	2	NA	0	0.99	2
21	0.547	1	3	7	92	"1;2"	"id_367"	0	2	NA	0	0.99	2
22	0.637	1	1	7	93	"1;2"	"id_367"	0	2	NA	0	0.99	2
23	0.628	1	3	7	96	"1;2"	"id_367"	0	2	NA	0	0.99	2
24	1.26	1	5	7	101	"1;2"	"id_367"	0	2	NA	0	0.99	2
25	1.012	1	4	7	105	"1;2"	"id_367"	0	2	NA	0	0.99	2
1	0.918	2	1	8	1	"2;1"	"id_367"	0	2	NA	0	0.99	2
2	0.69	2	4	8	5	"2;1"	"id_367"	0	2	NA	0	0.99	2
3	0.789	2	2	8	7	"2;1"	"id_367"	0	2	NA	0	0.99	2
4	0.602	1	19	8	26	"2;1"	"id_367"	0	2	NA	0	0.99	2
5	0.985	2	0	8	26	"2;1"	"id_367"	0	2	NA	0	0.99	2
6	0.709	2	6	8	32	"2;1"	"id_367"	0	2	NA	0	0.99	2
7	1.134	2	9	8	41	"2;1"	"id_367"	0	2	NA	0	0.99	2
8	0.601	2	4	8	45	"2;1"	"id_367"	0	2	NA	0	0.99	2
9	0.547	2	-1	8	44	"2;1"	"id_367"	0	2	NA	0	0.99	2
10	1.18	1	-3	8	41	"2;1"	"id_367"	0	2	NA	0	0.99	2
11	0.842	1	5	8	46	"2;1"	"id_367"	0	2	NA	0	0.99	2
12	0.84	1	-6	8	40	"2;1"	"id_367"	0	2	NA	0	0.99	2
13	0.605	1	-1	8	39	"2;1"	"id_367"	0	2	NA	0	0.99	2
14	0.569	1	-12	8	27	"2;1"	"id_367"	0	2	NA	0	0.99	2
15	0.547	1	-4	8	23	"2;1"	"id_367"	0	2	NA	0	0.99	2
16	0.931	1	6	8	29	"2;1"	"id_367"	0	2	NA	0	0.99	2
17	0.679	1	15	8	44	"2;1"	"id_367"	0	2	NA	0	0.99	2
18	2.025	1	25	8	69	"2;1"	"id_367"	0	2	NA	0	0.99	2
19	2.175	2	6	8	75	"2;1"	"id_367"	0	2	NA	0	0.99	2
20	0.907	2	2	8	77	"2;1"	"id_367"	0	2	NA	0	0.99	2
21	0.998	2	10	8	87	"2;1"	"id_367"	0	2	NA	0	0.99	2
22	0.937	2	2	8	89	"2;1"	"id_367"	0	2	NA	0	0.99	2
23	1.198	2	4	8	93	"2;1"	"id_367"	0	2	NA	0	0.99	2
24	0.774	2	4	8	97	"2;1"	"id_367"	0	2	NA	0	0.99	2
25	0.653	2	7	8	104	"2;1"	"id_367"	0	2	NA	0	0.99	2
1	1.332	1	10	9	10	"2;1"	"id_367"	0	2	NA	0	0.99	2
2	1.079	1	-20	9	-10	"2;1"	"id_367"	0	2	NA	0	0.99	2
3	0.948	1	1	9	-9	"2;1"	"id_367"	0	2	NA	0	0.99	2
4	0.845	1	-7	9	-16	"2;1"	"id_367"	0	2	NA	0	0.99	2
5	0.686	1	-8	9	-24	"2;1"	"id_367"	0	2	NA	0	0.99	2
6	0.575	1	9	9	-15	"2;1"	"id_367"	0	2	NA	0	0.99	2
7	0.658	1	9	9	-6	"2;1"	"id_367"	0	2	NA	0	0.99	2
8	0.65	1	4	9	-2	"2;1"	"id_367"	0	2	NA	0	0.99	2
9	0.643	1	14	9	12	"2;1"	"id_367"	0	2	NA	0	0.99	2
10	0.71	1	5	9	17	"2;1"	"id_367"	0	2	NA	0	0.99	2
11	1.201	1	9	9	26	"2;1"	"id_367"	0	2	NA	0	0.99	2
12	1.083	1	24	9	50	"2;1"	"id_367"	0	2	NA	0	0.99	2
13	1.392	2	6	9	56	"2;1"	"id_367"	0	2	NA	0	0.99	2
14	0.629	2	2	9	58	"2;1"	"id_367"	0	2	NA	0	0.99	2
15	0.533	2	1	9	59	"2;1"	"id_367"	0	2	NA	0	0.99	2
16	0.508	2	-1	9	58	"2;1"	"id_367"	0	2	NA	0	0.99	2
17	0.907	2	1	9	59	"2;1"	"id_367"	0	2	NA	0	0.99	2
18	0.525	2	3	9	62	"2;1"	"id_367"	0	2	NA	0	0.99	2
19	1.005	2	4	9	66	"2;1"	"id_367"	0	2	NA	0	0.99	2
20	0.5	2	5	9	71	"2;1"	"id_367"	0	2	NA	0	0.99	2
21	0.547	2	5	9	76	"2;1"	"id_367"	0	2	NA	0	0.99	2
22	1.211	2	5	9	81	"2;1"	"id_367"	0	2	NA	0	0.99	2
23	1.006	2	5	9	86	"2;1"	"id_367"	0	2	NA	0	0.99	2
24	1.069	2	3	9	89	"2;1"	"id_367"	0	2	NA	0	0.99	2
25	1.069	2	5	9	94	"2;1"	"id_367"	0	2	NA	0	0.99	2
1	1.351	1	9	10	9	"1;2"	"id_367"	0	2	NA	0	0.99	2
2	0.742	2	-4	10	5	"1;2"	"id_367"	0	2	NA	0	0.99	2
3	0.745	2	7	10	12	"1;2"	"id_367"	0	2	NA	0	0.99	2
4	0.777	2	-8	10	4	"1;2"	"id_367"	0	2	NA	0	0.99	2
5	0.627	2	21	10	25	"1;2"	"id_367"	0	2	NA	0	0.99	2
6	1.624	2	2	10	27	"1;2"	"id_367"	0	2	NA	0	0.99	2
7	1.307	2	-5	10	22	"1;2"	"id_367"	0	2	NA	0	0.99	2
8	0.796	2	4	10	26	"1;2"	"id_367"	0	2	NA	0	0.99	2
9	0.828	2	12	10	38	"1;2"	"id_367"	0	2	NA	0	0.99	2
10	0.906	2	8	10	46	"1;2"	"id_367"	0	2	NA	0	0.99	2
11	0.753	2	18	10	64	"1;2"	"id_367"	0	2	NA	0	0.99	2
12	0.86	2	4	10	68	"1;2"	"id_367"	0	2	NA	0	0.99	2
13	0.724	2	11	10	79	"1;2"	"id_367"	0	2	NA	0	0.99	2
14	0.718	2	11	10	90	"1;2"	"id_367"	0	2	NA	0	0.99	2
15	1.35	2	10	10	100	"1;2"	"id_367"	0	2	NA	0	0.99	2
16	3.334	2	-5	10	95	"1;2"	"id_367"	0	2	NA	0	0.99	2
17	1.464	2	19	10	114	"1;2"	"id_367"	0	2	NA	0	0.99	2
18	1.693	1	6	10	120	"1;2"	"id_367"	0	2	NA	0	0.99	2
19	0.548	1	2	10	122	"1;2"	"id_367"	0	2	NA	0	0.99	2
20	0.896	1	-1	10	121	"1;2"	"id_367"	0	2	NA	0	0.99	2
21	0.889	1	6	10	127	"1;2"	"id_367"	0	2	NA	0	0.99	2
22	0.565	1	3	10	130	"1;2"	"id_367"	0	2	NA	0	0.99	2
23	0.597	1	6	10	136	"1;2"	"id_367"	0	2	NA	0	0.99	2
24	0.646	1	10	10	146	"1;2"	"id_367"	0	2	NA	0	0.99	2
25	0.594	1	5	10	151	"1;2"	"id_367"	0	2	NA	0	0.99	2
1	1.015	2	5	11	5	"1;2"	"id_367"	0	2	NA	0	0.99	2
2	0.601	2	11	11	16	"1;2"	"id_367"	0	2	NA	0	0.99	2
3	1.033	2	21	11	37	"1;2"	"id_367"	0	2	NA	0	0.99	2
4	1.169	2	12	11	49	"1;2"	"id_367"	0	2	NA	0	0.99	2
5	2.355	1	4	11	53	"1;2"	"id_367"	0	2	NA	0	0.99	2
6	0.684	1	3	11	56	"1;2"	"id_367"	0	2	NA	0	0.99	2
7	0.516	1	9	11	65	"1;2"	"id_367"	0	2	NA	0	0.99	2
8	1.006	1	1	11	66	"1;2"	"id_367"	0	2	NA	0	0.99	2
9	0.641	2	10	11	76	"1;2"	"id_367"	0	2	NA	0	0.99	2
10	1.141	1	0	11	76	"1;2"	"id_367"	0	2	NA	0	0.99	2
11	0.759	1	8	11	84	"1;2"	"id_367"	0	2	NA	0	0.99	2
12	0.763	2	-4	11	80	"1;2"	"id_367"	0	2	NA	0	0.99	2
13	0.845	1	6	11	86	"1;2"	"id_367"	0	2	NA	0	0.99	2
14	0.69	2	1	11	87	"1;2"	"id_367"	0	2	NA	0	0.99	2
15	0.835	1	7	11	94	"1;2"	"id_367"	0	2	NA	0	0.99	2
16	1.228	2	2	11	96	"1;2"	"id_367"	0	2	NA	0	0.99	2
17	0.82	2	-2	11	94	"1;2"	"id_367"	0	2	NA	0	0.99	2
18	0.937	2	18	11	112	"1;2"	"id_367"	0	2	NA	0	0.99	2
19	1.316	1	10	11	122	"1;2"	"id_367"	0	2	NA	0	0.99	2
20	0.633	1	6	11	128	"1;2"	"id_367"	0	2	NA	0	0.99	2
21	0.909	1	-1	11	127	"1;2"	"id_367"	0	2	NA	0	0.99	2
22	0.991	1	11	11	138	"1;2"	"id_367"	0	2	NA	0	0.99	2
23	0.856	1	2	11	140	"1;2"	"id_367"	0	2	NA	0	0.99	2
24	0.677	1	0	11	140	"1;2"	"id_367"	0	2	NA	0	0.99	2
25	2.063	1	5	11	145	"1;2"	"id_367"	0	2	NA	0	0.99	2
