"trial"	"time"	"selection"	"outcome"	"game"	"points.cum"	"option.order"	"workerid"	"goal"	"condition"	"n.goals.reached"	"checkFails"	"payout"	"which.high.ev"
1	4.579	1	3	1	3	"2;1"	"id_411"	0	3	NA	0	0.95	3
2	1.184	1	3	1	6	"2;1"	"id_411"	0	3	NA	0	0.95	3
3	0.774	1	4	1	10	"2;1"	"id_411"	0	3	NA	0	0.95	3
4	0.964	2	2	1	12	"2;1"	"id_411"	0	3	NA	0	0.95	3
5	0.558	1	2	1	14	"2;1"	"id_411"	0	3	NA	0	0.95	3
6	0.545	1	3	1	17	"2;1"	"id_411"	0	3	NA	0	0.95	3
7	1.199	1	1	1	18	"2;1"	"id_411"	0	3	NA	0	0.95	3
8	0.555	2	5	1	23	"2;1"	"id_411"	0	3	NA	0	0.95	3
9	0.563	2	3	1	26	"2;1"	"id_411"	0	3	NA	0	0.95	3
10	0.511	2	0	1	26	"2;1"	"id_411"	0	3	NA	0	0.95	3
11	0.797	1	6	1	32	"2;1"	"id_411"	0	3	NA	0	0.95	3
12	0.717	1	7	1	39	"2;1"	"id_411"	0	3	NA	0	0.95	3
13	0.591	1	0	1	39	"2;1"	"id_411"	0	3	NA	0	0.95	3
14	0.837	2	1	1	40	"2;1"	"id_411"	0	3	NA	0	0.95	3
15	0.555	2	1	1	41	"2;1"	"id_411"	0	3	NA	0	0.95	3
16	0.807	2	4	1	45	"2;1"	"id_411"	0	3	NA	0	0.95	3
17	0.673	2	4	1	49	"2;1"	"id_411"	0	3	NA	0	0.95	3
18	0.561	2	5	1	54	"2;1"	"id_411"	0	3	NA	0	0.95	3
19	0.547	2	0	1	54	"2;1"	"id_411"	0	3	NA	0	0.95	3
20	0.792	1	5	1	59	"2;1"	"id_411"	0	3	NA	0	0.95	3
21	0.522	1	4	1	63	"2;1"	"id_411"	0	3	NA	0	0.95	3
22	0.913	1	5	1	68	"2;1"	"id_411"	0	3	NA	0	0.95	3
23	1.091	1	4	1	72	"2;1"	"id_411"	0	3	NA	0	0.95	3
24	0.537	1	4	1	76	"2;1"	"id_411"	0	3	NA	0	0.95	3
25	0.554	1	2	1	78	"2;1"	"id_411"	0	3	NA	0	0.95	3
1	1.364	1	2	2	2	"1;2"	"id_411"	0	3	NA	0	0.95	3
2	0.545	1	3	2	5	"1;2"	"id_411"	0	3	NA	0	0.95	3
3	0.559	1	5	2	10	"1;2"	"id_411"	0	3	NA	0	0.95	3
4	1.77	1	-1	2	9	"1;2"	"id_411"	0	3	NA	0	0.95	3
5	0.824	2	7	2	16	"1;2"	"id_411"	0	3	NA	0	0.95	3
6	0.518	2	-9	2	7	"1;2"	"id_411"	0	3	NA	0	0.95	3
7	0.819	1	3	2	10	"1;2"	"id_411"	0	3	NA	0	0.95	3
8	0.56	1	4	2	14	"1;2"	"id_411"	0	3	NA	0	0.95	3
9	1.103	1	5	2	19	"1;2"	"id_411"	0	3	NA	0	0.95	3
10	0.912	1	1	2	20	"1;2"	"id_411"	0	3	NA	0	0.95	3
11	1.507	1	0	2	20	"1;2"	"id_411"	0	3	NA	0	0.95	3
12	0.78	2	-2	2	18	"1;2"	"id_411"	0	3	NA	0	0.95	3
13	0.947	1	-2	2	16	"1;2"	"id_411"	0	3	NA	0	0.95	3
14	0.817	2	3	2	19	"1;2"	"id_411"	0	3	NA	0	0.95	3
15	0.586	2	-22	2	-3	"1;2"	"id_411"	0	3	NA	0	0.95	3
16	0.865	1	4	2	1	"1;2"	"id_411"	0	3	NA	0	0.95	3
17	0.526	1	6	2	7	"1;2"	"id_411"	0	3	NA	0	0.95	3
18	0.976	1	2	2	9	"1;2"	"id_411"	0	3	NA	0	0.95	3
19	0.979	1	2	2	11	"1;2"	"id_411"	0	3	NA	0	0.95	3
20	0.545	1	1	2	12	"1;2"	"id_411"	0	3	NA	0	0.95	3
21	0.578	1	7	2	19	"1;2"	"id_411"	0	3	NA	0	0.95	3
22	0.54	1	-1	2	18	"1;2"	"id_411"	0	3	NA	0	0.95	3
23	0.762	2	16	2	34	"1;2"	"id_411"	0	3	NA	0	0.95	3
24	0.683	2	-3	2	31	"1;2"	"id_411"	0	3	NA	0	0.95	3
25	0.754	1	5	2	36	"1;2"	"id_411"	0	3	NA	0	0.95	3
1	1.533	1	1	3	1	"1;2"	"id_411"	0	3	NA	0	0.95	3
2	0.869	1	2	3	3	"1;2"	"id_411"	0	3	NA	0	0.95	3
3	0.522	1	1	3	4	"1;2"	"id_411"	0	3	NA	0	0.95	3
4	0.542	1	4	3	8	"1;2"	"id_411"	0	3	NA	0	0.95	3
5	0.653	1	1	3	9	"1;2"	"id_411"	0	3	NA	0	0.95	3
6	1.413	1	3	3	12	"1;2"	"id_411"	0	3	NA	0	0.95	3
7	0.632	1	8	3	20	"1;2"	"id_411"	0	3	NA	0	0.95	3
8	0.68	1	0	3	20	"1;2"	"id_411"	0	3	NA	0	0.95	3
9	0.814	2	4	3	24	"1;2"	"id_411"	0	3	NA	0	0.95	3
10	1.057	2	-26	3	-2	"1;2"	"id_411"	0	3	NA	0	0.95	3
11	0.852	1	2	3	0	"1;2"	"id_411"	0	3	NA	0	0.95	3
12	0.604	1	2	3	2	"1;2"	"id_411"	0	3	NA	0	0.95	3
13	0.575	1	2	3	4	"1;2"	"id_411"	0	3	NA	0	0.95	3
14	0.537	1	4	3	8	"1;2"	"id_411"	0	3	NA	0	0.95	3
15	0.599	1	1	3	9	"1;2"	"id_411"	0	3	NA	0	0.95	3
16	0.6	1	1	3	10	"1;2"	"id_411"	0	3	NA	0	0.95	3
17	0.568	1	-3	3	7	"1;2"	"id_411"	0	3	NA	0	0.95	3
18	0.769	2	0	3	7	"1;2"	"id_411"	0	3	NA	0	0.95	3
19	1.217	1	4	3	11	"1;2"	"id_411"	0	3	NA	0	0.95	3
20	0.537	1	0	3	11	"1;2"	"id_411"	0	3	NA	0	0.95	3
21	0.897	2	38	3	49	"1;2"	"id_411"	0	3	NA	0	0.95	3
22	0.706	2	-4	3	45	"1;2"	"id_411"	0	3	NA	0	0.95	3
23	0.855	1	-1	3	44	"1;2"	"id_411"	0	3	NA	0	0.95	3
24	1.163	2	10	3	54	"1;2"	"id_411"	0	3	NA	0	0.95	3
25	0.651	2	6	3	60	"1;2"	"id_411"	0	3	NA	0	0.95	3
1	1.828	1	5	4	5	"2;1"	"id_411"	0	3	NA	0	0.95	3
2	1.036	1	22	4	27	"2;1"	"id_411"	0	3	NA	0	0.95	3
3	0.69	1	-22	4	5	"2;1"	"id_411"	0	3	NA	0	0.95	3
4	0.862	2	6	4	11	"2;1"	"id_411"	0	3	NA	0	0.95	3
5	0.584	2	3	4	14	"2;1"	"id_411"	0	3	NA	0	0.95	3
6	0.502	2	1	4	15	"2;1"	"id_411"	0	3	NA	0	0.95	3
7	1.512	2	0	4	15	"2;1"	"id_411"	0	3	NA	0	0.95	3
8	0.942	1	8	4	23	"2;1"	"id_411"	0	3	NA	0	0.95	3
9	1.258	1	6	4	29	"2;1"	"id_411"	0	3	NA	0	0.95	3
10	0.619	1	-9	4	20	"2;1"	"id_411"	0	3	NA	0	0.95	3
11	0.846	2	-2	4	18	"2;1"	"id_411"	0	3	NA	0	0.95	3
12	0.863	1	-9	4	9	"2;1"	"id_411"	0	3	NA	0	0.95	3
13	0.688	2	5	4	14	"2;1"	"id_411"	0	3	NA	0	0.95	3
14	0.552	2	5	4	19	"2;1"	"id_411"	0	3	NA	0	0.95	3
15	0.576	2	4	4	23	"2;1"	"id_411"	0	3	NA	0	0.95	3
16	0.639	2	3	4	26	"2;1"	"id_411"	0	3	NA	0	0.95	3
17	0.713	2	2	4	28	"2;1"	"id_411"	0	3	NA	0	0.95	3
18	0.632	2	6	4	34	"2;1"	"id_411"	0	3	NA	0	0.95	3
19	0.561	2	7	4	41	"2;1"	"id_411"	0	3	NA	0	0.95	3
20	0.583	2	-2	4	39	"2;1"	"id_411"	0	3	NA	0	0.95	3
21	0.874	1	-3	4	36	"2;1"	"id_411"	0	3	NA	0	0.95	3
22	0.816	2	7	4	43	"2;1"	"id_411"	0	3	NA	0	0.95	3
23	0.55	2	-2	4	41	"2;1"	"id_411"	0	3	NA	0	0.95	3
24	0.912	1	3	4	44	"2;1"	"id_411"	0	3	NA	0	0.95	3
25	0.511	1	26	4	70	"2;1"	"id_411"	0	3	NA	0	0.95	3
1	1.105	1	3	5	3	"1;2"	"id_411"	0	3	NA	0	0.95	3
2	1.027	1	6	5	9	"1;2"	"id_411"	0	3	NA	0	0.95	3
3	0.519	1	1	5	10	"1;2"	"id_411"	0	3	NA	0	0.95	3
4	0.729	1	2	5	12	"1;2"	"id_411"	0	3	NA	0	0.95	3
5	0.6	1	5	5	17	"1;2"	"id_411"	0	3	NA	0	0.95	3
6	1.167	1	5	5	22	"1;2"	"id_411"	0	3	NA	0	0.95	3
7	0.555	1	-1	5	21	"1;2"	"id_411"	0	3	NA	0	0.95	3
8	0.894	2	7	5	28	"1;2"	"id_411"	0	3	NA	0	0.95	3
9	0.521	2	10	5	38	"1;2"	"id_411"	0	3	NA	0	0.95	3
10	1.365	2	8	5	46	"1;2"	"id_411"	0	3	NA	0	0.95	3
11	0.831	2	6	5	52	"1;2"	"id_411"	0	3	NA	0	0.95	3
12	0.504	2	2	5	54	"1;2"	"id_411"	0	3	NA	0	0.95	3
13	0.536	2	6	5	60	"1;2"	"id_411"	0	3	NA	0	0.95	3
14	0.505	2	5	5	65	"1;2"	"id_411"	0	3	NA	0	0.95	3
15	1.113	2	22	5	87	"1;2"	"id_411"	0	3	NA	0	0.95	3
16	0.638	2	1	5	88	"1;2"	"id_411"	0	3	NA	0	0.95	3
17	0.59	2	11	5	99	"1;2"	"id_411"	0	3	NA	0	0.95	3
18	0.608	2	0	5	99	"1;2"	"id_411"	0	3	NA	0	0.95	3
19	1.008	1	5	5	104	"1;2"	"id_411"	0	3	NA	0	0.95	3
20	0.622	1	6	5	110	"1;2"	"id_411"	0	3	NA	0	0.95	3
21	0.512	1	4	5	114	"1;2"	"id_411"	0	3	NA	0	0.95	3
22	0.51	1	7	5	121	"1;2"	"id_411"	0	3	NA	0	0.95	3
23	0.504	1	6	5	127	"1;2"	"id_411"	0	3	NA	0	0.95	3
24	0.52	1	4	5	131	"1;2"	"id_411"	0	3	NA	0	0.95	3
25	0.511	1	0	5	131	"1;2"	"id_411"	0	3	NA	0	0.95	3
1	0.833	1	1	6	1	"1;2"	"id_411"	0	3	NA	0	0.95	3
2	0.872	1	-1	6	0	"1;2"	"id_411"	0	3	NA	0	0.95	3
3	0.813	2	-4	6	-4	"1;2"	"id_411"	0	3	NA	0	0.95	3
4	1.143	1	0	6	-4	"1;2"	"id_411"	0	3	NA	0	0.95	3
5	0.848	2	0	6	-4	"1;2"	"id_411"	0	3	NA	0	0.95	3
6	0.92	1	0	6	-4	"1;2"	"id_411"	0	3	NA	0	0.95	3
7	0.798	2	15	6	11	"1;2"	"id_411"	0	3	NA	0	0.95	3
8	1.111	2	8	6	19	"1;2"	"id_411"	0	3	NA	0	0.95	3
9	0.585	2	-5	6	14	"1;2"	"id_411"	0	3	NA	0	0.95	3
10	0.8	1	-2	6	12	"1;2"	"id_411"	0	3	NA	0	0.95	3
11	0.737	2	13	6	25	"1;2"	"id_411"	0	3	NA	0	0.95	3
12	1.024	2	-6	6	19	"1;2"	"id_411"	0	3	NA	0	0.95	3
13	0.752	1	4	6	23	"1;2"	"id_411"	0	3	NA	0	0.95	3
14	0.519	1	7	6	30	"1;2"	"id_411"	0	3	NA	0	0.95	3
15	1.017	1	3	6	33	"1;2"	"id_411"	0	3	NA	0	0.95	3
16	0.574	1	3	6	36	"1;2"	"id_411"	0	3	NA	0	0.95	3
17	0.53	1	2	6	38	"1;2"	"id_411"	0	3	NA	0	0.95	3
18	0.504	1	-1	6	37	"1;2"	"id_411"	0	3	NA	0	0.95	3
19	0.856	2	6	6	43	"1;2"	"id_411"	0	3	NA	0	0.95	3
20	0.975	2	8	6	51	"1;2"	"id_411"	0	3	NA	0	0.95	3
21	0.648	2	-3	6	48	"1;2"	"id_411"	0	3	NA	0	0.95	3
22	7.022	1	0	6	48	"1;2"	"id_411"	0	3	NA	0	0.95	3
23	0.863	2	3	6	51	"1;2"	"id_411"	0	3	NA	0	0.95	3
24	0.548	2	1	6	52	"1;2"	"id_411"	0	3	NA	0	0.95	3
25	0.509	2	-4	6	48	"1;2"	"id_411"	0	3	NA	0	0.95	3
1	0.981	2	-1	7	-1	"2;1"	"id_411"	0	3	NA	0	0.95	3
2	0.75	1	2	7	1	"2;1"	"id_411"	0	3	NA	0	0.95	3
3	0.98	1	2	7	3	"2;1"	"id_411"	0	3	NA	0	0.95	3
4	0.566	1	16	7	19	"2;1"	"id_411"	0	3	NA	0	0.95	3
5	0.536	1	7	7	26	"2;1"	"id_411"	0	3	NA	0	0.95	3
6	1.059	1	-14	7	12	"2;1"	"id_411"	0	3	NA	0	0.95	3
7	0.791	2	2	7	14	"2;1"	"id_411"	0	3	NA	0	0.95	3
8	5.002	2	2	7	16	"2;1"	"id_411"	0	3	NA	0	0.95	3
9	0.609	2	1	7	17	"2;1"	"id_411"	0	3	NA	0	0.95	3
10	0.638	2	6	7	23	"2;1"	"id_411"	0	3	NA	0	0.95	3
11	0.672	2	3	7	26	"2;1"	"id_411"	0	3	NA	0	0.95	3
12	1.043	2	5	7	31	"2;1"	"id_411"	0	3	NA	0	0.95	3
13	1.529	2	3	7	34	"2;1"	"id_411"	0	3	NA	0	0.95	3
14	0.546	2	-4	7	30	"2;1"	"id_411"	0	3	NA	0	0.95	3
15	0.925	1	11	7	41	"2;1"	"id_411"	0	3	NA	0	0.95	3
16	1.01	1	10	7	51	"2;1"	"id_411"	0	3	NA	0	0.95	3
17	0.549	1	14	7	65	"2;1"	"id_411"	0	3	NA	0	0.95	3
18	1.032	1	15	7	80	"2;1"	"id_411"	0	3	NA	0	0.95	3
19	0.999	1	-7	7	73	"2;1"	"id_411"	0	3	NA	0	0.95	3
20	0.974	2	7	7	80	"2;1"	"id_411"	0	3	NA	0	0.95	3
21	1.046	2	5	7	85	"2;1"	"id_411"	0	3	NA	0	0.95	3
22	0.527	2	3	7	88	"2;1"	"id_411"	0	3	NA	0	0.95	3
23	0.584	2	3	7	91	"2;1"	"id_411"	0	3	NA	0	0.95	3
24	0.569	2	7	7	98	"2;1"	"id_411"	0	3	NA	0	0.95	3
25	0.543	2	11	7	109	"2;1"	"id_411"	0	3	NA	0	0.95	3
1	0.862	1	2	8	2	"1;2"	"id_411"	0	3	NA	0	0.95	3
2	1.081	1	0	8	2	"1;2"	"id_411"	0	3	NA	0	0.95	3
3	0.834	2	14	8	16	"1;2"	"id_411"	0	3	NA	0	0.95	3
4	1.281	2	16	8	32	"1;2"	"id_411"	0	3	NA	0	0.95	3
5	0.519	2	-9	8	23	"1;2"	"id_411"	0	3	NA	0	0.95	3
6	0.807	1	4	8	27	"1;2"	"id_411"	0	3	NA	0	0.95	3
7	0.587	1	4	8	31	"1;2"	"id_411"	0	3	NA	0	0.95	3
8	1.049	1	4	8	35	"1;2"	"id_411"	0	3	NA	0	0.95	3
9	0.977	1	6	8	41	"1;2"	"id_411"	0	3	NA	0	0.95	3
10	0.602	1	1	8	42	"1;2"	"id_411"	0	3	NA	0	0.95	3
11	0.605	1	0	8	42	"1;2"	"id_411"	0	3	NA	0	0.95	3
12	0.76	2	11	8	53	"1;2"	"id_411"	0	3	NA	0	0.95	3
13	0.681	2	30	8	83	"1;2"	"id_411"	0	3	NA	0	0.95	3
14	1.281	2	-14	8	69	"1;2"	"id_411"	0	3	NA	0	0.95	3
15	0.76	1	-2	8	67	"1;2"	"id_411"	0	3	NA	0	0.95	3
16	0.839	2	-8	8	59	"1;2"	"id_411"	0	3	NA	0	0.95	3
17	0.816	1	-3	8	56	"1;2"	"id_411"	0	3	NA	0	0.95	3
18	0.8	2	12	8	68	"1;2"	"id_411"	0	3	NA	0	0.95	3
19	0.571	2	17	8	85	"1;2"	"id_411"	0	3	NA	0	0.95	3
20	0.575	2	12	8	97	"1;2"	"id_411"	0	3	NA	0	0.95	3
21	1.052	2	-5	8	92	"1;2"	"id_411"	0	3	NA	0	0.95	3
22	1.144	1	-1	8	91	"1;2"	"id_411"	0	3	NA	0	0.95	3
23	0.784	2	6	8	97	"1;2"	"id_411"	0	3	NA	0	0.95	3
24	0.587	2	18	8	115	"1;2"	"id_411"	0	3	NA	0	0.95	3
25	1.153	2	10	8	125	"1;2"	"id_411"	0	3	NA	0	0.95	3
1	2.256	1	3	9	3	"1;2"	"id_411"	0	3	NA	0	0.95	3
2	0.648	1	5	9	8	"1;2"	"id_411"	0	3	NA	0	0.95	3
3	0.67	1	1	9	9	"1;2"	"id_411"	0	3	NA	0	0.95	3
4	1.095	1	7	9	16	"1;2"	"id_411"	0	3	NA	0	0.95	3
5	0.946	1	2	9	18	"1;2"	"id_411"	0	3	NA	0	0.95	3
6	0.961	1	5	9	23	"1;2"	"id_411"	0	3	NA	0	0.95	3
7	0.999	1	2	9	25	"1;2"	"id_411"	0	3	NA	0	0.95	3
8	0.963	1	3	9	28	"1;2"	"id_411"	0	3	NA	0	0.95	3
9	0.938	1	2	9	30	"1;2"	"id_411"	0	3	NA	0	0.95	3
10	0.91	1	0	9	30	"1;2"	"id_411"	0	3	NA	0	0.95	3
11	0.885	2	10	9	40	"1;2"	"id_411"	0	3	NA	0	0.95	3
12	0.855	2	-8	9	32	"1;2"	"id_411"	0	3	NA	0	0.95	3
13	1.178	1	7	9	39	"1;2"	"id_411"	0	3	NA	0	0.95	3
14	1.056	1	4	9	43	"1;2"	"id_411"	0	3	NA	0	0.95	3
15	0.627	1	2	9	45	"1;2"	"id_411"	0	3	NA	0	0.95	3
16	0.632	1	6	9	51	"1;2"	"id_411"	0	3	NA	0	0.95	3
17	0.516	1	1	9	52	"1;2"	"id_411"	0	3	NA	0	0.95	3
18	1.169	1	7	9	59	"1;2"	"id_411"	0	3	NA	0	0.95	3
19	1.034	1	5	9	64	"1;2"	"id_411"	0	3	NA	0	0.95	3
20	0.924	1	1	9	65	"1;2"	"id_411"	0	3	NA	0	0.95	3
21	0.999	1	2	9	67	"1;2"	"id_411"	0	3	NA	0	0.95	3
22	0.522	1	2	9	69	"1;2"	"id_411"	0	3	NA	0	0.95	3
23	0.516	1	0	9	69	"1;2"	"id_411"	0	3	NA	0	0.95	3
24	0.865	2	7	9	76	"1;2"	"id_411"	0	3	NA	0	0.95	3
25	1.162	2	11	9	87	"1;2"	"id_411"	0	3	NA	0	0.95	3
1	0.761	1	-2	10	-2	"1;2"	"id_411"	0	3	NA	0	0.95	3
2	0.865	2	17	10	15	"1;2"	"id_411"	0	3	NA	0	0.95	3
3	0.551	2	6	10	21	"1;2"	"id_411"	0	3	NA	0	0.95	3
4	0.626	2	26	10	47	"1;2"	"id_411"	0	3	NA	0	0.95	3
5	0.504	2	2	10	49	"1;2"	"id_411"	0	3	NA	0	0.95	3
6	1.074	2	9	10	58	"1;2"	"id_411"	0	3	NA	0	0.95	3
7	0.546	2	12	10	70	"1;2"	"id_411"	0	3	NA	0	0.95	3
8	1.026	2	3	10	73	"1;2"	"id_411"	0	3	NA	0	0.95	3
9	1.345	2	-8	10	65	"1;2"	"id_411"	0	3	NA	0	0.95	3
10	0.98	1	0	10	65	"1;2"	"id_411"	0	3	NA	0	0.95	3
11	0.961	2	8	10	73	"1;2"	"id_411"	0	3	NA	0	0.95	3
12	0.534	2	10	10	83	"1;2"	"id_411"	0	3	NA	0	0.95	3
13	0.955	2	2	10	85	"1;2"	"id_411"	0	3	NA	0	0.95	3
14	0.623	2	17	10	102	"1;2"	"id_411"	0	3	NA	0	0.95	3
15	0.602	2	-1	10	101	"1;2"	"id_411"	0	3	NA	0	0.95	3
16	0.868	1	5	10	106	"1;2"	"id_411"	0	3	NA	0	0.95	3
17	0.974	1	3	10	109	"1;2"	"id_411"	0	3	NA	0	0.95	3
18	0.879	1	2	10	111	"1;2"	"id_411"	0	3	NA	0	0.95	3
19	0.971	1	1	10	112	"1;2"	"id_411"	0	3	NA	0	0.95	3
20	0.715	1	7	10	119	"1;2"	"id_411"	0	3	NA	0	0.95	3
21	0.743	1	-1	10	118	"1;2"	"id_411"	0	3	NA	0	0.95	3
22	3.369	2	12	10	130	"1;2"	"id_411"	0	3	NA	0	0.95	3
23	0.657	2	10	10	140	"1;2"	"id_411"	0	3	NA	0	0.95	3
24	2.003	2	-1	10	139	"1;2"	"id_411"	0	3	NA	0	0.95	3
25	1.336	1	1	10	140	"1;2"	"id_411"	0	3	NA	0	0.95	3
1	5.549	1	1	11	1	"1;2"	"id_411"	0	3	NA	0	0.95	3
2	0.696	1	0	11	1	"1;2"	"id_411"	0	3	NA	0	0.95	3
3	0.934	2	-7	11	-6	"1;2"	"id_411"	0	3	NA	0	0.95	3
4	0.984	1	5	11	-1	"1;2"	"id_411"	0	3	NA	0	0.95	3
5	0.607	1	-3	11	-4	"1;2"	"id_411"	0	3	NA	0	0.95	3
6	0.584	1	5	11	1	"1;2"	"id_411"	0	3	NA	0	0.95	3
7	0.568	1	3	11	4	"1;2"	"id_411"	0	3	NA	0	0.95	3
8	0.953	1	5	11	9	"1;2"	"id_411"	0	3	NA	0	0.95	3
9	0.569	1	4	11	13	"1;2"	"id_411"	0	3	NA	0	0.95	3
10	0.694	1	4	11	17	"1;2"	"id_411"	0	3	NA	0	0.95	3
11	0.689	1	2	11	19	"1;2"	"id_411"	0	3	NA	0	0.95	3
12	0.944	1	2	11	21	"1;2"	"id_411"	0	3	NA	0	0.95	3
13	0.624	1	6	11	27	"1;2"	"id_411"	0	3	NA	0	0.95	3
14	0.927	1	1	11	28	"1;2"	"id_411"	0	3	NA	0	0.95	3
15	0.888	1	4	11	32	"1;2"	"id_411"	0	3	NA	0	0.95	3
16	0.561	1	3	11	35	"1;2"	"id_411"	0	3	NA	0	0.95	3
17	0.831	1	0	11	35	"1;2"	"id_411"	0	3	NA	0	0.95	3
18	1.073	2	-2	11	33	"1;2"	"id_411"	0	3	NA	0	0.95	3
19	1.021	1	6	11	39	"1;2"	"id_411"	0	3	NA	0	0.95	3
20	0.558	1	8	11	47	"1;2"	"id_411"	0	3	NA	0	0.95	3
21	1.015	1	3	11	50	"1;2"	"id_411"	0	3	NA	0	0.95	3
22	0.512	1	5	11	55	"1;2"	"id_411"	0	3	NA	0	0.95	3
23	0.963	1	3	11	58	"1;2"	"id_411"	0	3	NA	0	0.95	3
24	0.919	1	1	11	59	"1;2"	"id_411"	0	3	NA	0	0.95	3
25	1.122	1	3	11	62	"1;2"	"id_411"	0	3	NA	0	0.95	3
