"trial"	"time"	"selection"	"outcome"	"game"	"points.cum"	"option.order"	"workerid"	"goal"	"condition"	"n.goals.reached"	"checkFails"	"payout"	"which.high.ev"
1	4.523	1	3	1	3	"1;2"	"id_508"	0	3	NA	0	0.85	2
2	1.212	2	7	1	10	"1;2"	"id_508"	0	3	NA	0	0.85	2
3	2.245	2	6	1	16	"1;2"	"id_508"	0	3	NA	0	0.85	2
4	0.804	2	0	1	16	"1;2"	"id_508"	0	3	NA	0	0.85	2
5	1.811	1	4	1	20	"1;2"	"id_508"	0	3	NA	0	0.85	2
6	0.699	1	3	1	23	"1;2"	"id_508"	0	3	NA	0	0.85	2
7	0.595	1	6	1	29	"1;2"	"id_508"	0	3	NA	0	0.85	2
8	0.586	2	4	1	33	"1;2"	"id_508"	0	3	NA	0	0.85	2
9	0.757	1	1	1	34	"1;2"	"id_508"	0	3	NA	0	0.85	2
10	0.772	2	2	1	36	"1;2"	"id_508"	0	3	NA	0	0.85	2
11	0.56	2	5	1	41	"1;2"	"id_508"	0	3	NA	0	0.85	2
12	0.689	1	8	1	49	"1;2"	"id_508"	0	3	NA	0	0.85	2
13	0.673	2	7	1	56	"1;2"	"id_508"	0	3	NA	0	0.85	2
14	0.803	1	2	1	58	"1;2"	"id_508"	0	3	NA	0	0.85	2
15	0.701	1	5	1	63	"1;2"	"id_508"	0	3	NA	0	0.85	2
16	0.992	1	7	1	70	"1;2"	"id_508"	0	3	NA	0	0.85	2
17	0.697	1	3	1	73	"1;2"	"id_508"	0	3	NA	0	0.85	2
18	0.572	2	5	1	78	"1;2"	"id_508"	0	3	NA	0	0.85	2
19	0.544	2	6	1	84	"1;2"	"id_508"	0	3	NA	0	0.85	2
20	0.596	2	1	1	85	"1;2"	"id_508"	0	3	NA	0	0.85	2
21	0.593	2	5	1	90	"1;2"	"id_508"	0	3	NA	0	0.85	2
22	0.672	1	5	1	95	"1;2"	"id_508"	0	3	NA	0	0.85	2
23	0.732	2	0	1	95	"1;2"	"id_508"	0	3	NA	0	0.85	2
24	1.597	2	4	1	99	"1;2"	"id_508"	0	3	NA	0	0.85	2
25	0.612	2	4	1	103	"1;2"	"id_508"	0	3	NA	0	0.85	2
1	3.467	2	0	2	0	"1;2"	"id_508"	0	3	NA	0	0.85	2
2	1.473	1	-1	2	-1	"1;2"	"id_508"	0	3	NA	0	0.85	2
3	1.875	1	-1	2	-2	"1;2"	"id_508"	0	3	NA	0	0.85	2
4	0.8	1	1	2	-1	"1;2"	"id_508"	0	3	NA	0	0.85	2
5	8.89	1	4	2	3	"1;2"	"id_508"	0	3	NA	0	0.85	2
6	1.14	2	4	2	7	"1;2"	"id_508"	0	3	NA	0	0.85	2
7	1.197	2	15	2	22	"1;2"	"id_508"	0	3	NA	0	0.85	2
8	11.979	2	5	2	27	"1;2"	"id_508"	0	3	NA	0	0.85	2
9	0.928	2	8	2	35	"1;2"	"id_508"	0	3	NA	0	0.85	2
10	5.575	2	9	2	44	"1;2"	"id_508"	0	3	NA	0	0.85	2
11	1.073	2	17	2	61	"1;2"	"id_508"	0	3	NA	0	0.85	2
12	2.019	2	-1	2	60	"1;2"	"id_508"	0	3	NA	0	0.85	2
13	1.431	1	6	2	66	"1;2"	"id_508"	0	3	NA	0	0.85	2
14	0.708	1	-2	2	64	"1;2"	"id_508"	0	3	NA	0	0.85	2
15	1.433	2	15	2	79	"1;2"	"id_508"	0	3	NA	0	0.85	2
16	2.173	2	-3	2	76	"1;2"	"id_508"	0	3	NA	0	0.85	2
17	0.963	2	-5	2	71	"1;2"	"id_508"	0	3	NA	0	0.85	2
18	2.539	2	5	2	76	"1;2"	"id_508"	0	3	NA	0	0.85	2
19	0.901	2	17	2	93	"1;2"	"id_508"	0	3	NA	0	0.85	2
20	0.994	2	-2	2	91	"1;2"	"id_508"	0	3	NA	0	0.85	2
21	0.741	2	5	2	96	"1;2"	"id_508"	0	3	NA	0	0.85	2
22	1.898	2	16	2	112	"1;2"	"id_508"	0	3	NA	0	0.85	2
23	1.377	2	8	2	120	"1;2"	"id_508"	0	3	NA	0	0.85	2
24	0.716	2	6	2	126	"1;2"	"id_508"	0	3	NA	0	0.85	2
25	1.417	2	18	2	144	"1;2"	"id_508"	0	3	NA	0	0.85	2
1	1.293	1	2	3	2	"1;2"	"id_508"	0	3	NA	0	0.85	2
2	1.497	1	-1	3	1	"1;2"	"id_508"	0	3	NA	0	0.85	2
3	1.111	1	5	3	6	"1;2"	"id_508"	0	3	NA	0	0.85	2
4	1.206	2	3	3	9	"1;2"	"id_508"	0	3	NA	0	0.85	2
5	1.266	2	24	3	33	"1;2"	"id_508"	0	3	NA	0	0.85	2
6	1.665	2	8	3	41	"1;2"	"id_508"	0	3	NA	0	0.85	2
7	1.004	2	10	3	51	"1;2"	"id_508"	0	3	NA	0	0.85	2
8	0.956	2	2	3	53	"1;2"	"id_508"	0	3	NA	0	0.85	2
9	0.761	2	0	3	53	"1;2"	"id_508"	0	3	NA	0	0.85	2
10	0.96	2	-7	3	46	"1;2"	"id_508"	0	3	NA	0	0.85	2
11	1.472	2	13	3	59	"1;2"	"id_508"	0	3	NA	0	0.85	2
12	1.413	2	18	3	77	"1;2"	"id_508"	0	3	NA	0	0.85	2
13	0.715	2	12	3	89	"1;2"	"id_508"	0	3	NA	0	0.85	2
14	0.962	2	11	3	100	"1;2"	"id_508"	0	3	NA	0	0.85	2
15	0.657	2	0	3	100	"1;2"	"id_508"	0	3	NA	0	0.85	2
16	0.732	2	0	3	100	"1;2"	"id_508"	0	3	NA	0	0.85	2
17	0.828	2	6	3	106	"1;2"	"id_508"	0	3	NA	0	0.85	2
18	0.817	2	-14	3	92	"1;2"	"id_508"	0	3	NA	0	0.85	2
19	1.329	2	4	3	96	"1;2"	"id_508"	0	3	NA	0	0.85	2
20	0.794	2	1	3	97	"1;2"	"id_508"	0	3	NA	0	0.85	2
21	1.776	2	4	3	101	"1;2"	"id_508"	0	3	NA	0	0.85	2
22	1.308	2	9	3	110	"1;2"	"id_508"	0	3	NA	0	0.85	2
23	1.073	2	-3	3	107	"1;2"	"id_508"	0	3	NA	0	0.85	2
24	1.312	2	-10	3	97	"1;2"	"id_508"	0	3	NA	0	0.85	2
25	2.404	2	-4	3	93	"1;2"	"id_508"	0	3	NA	0	0.85	2
1	2.115	1	-10	4	-10	"2;1"	"id_508"	0	3	NA	0	0.85	2
2	1.844	1	11	4	1	"2;1"	"id_508"	0	3	NA	0	0.85	2
3	1.137	1	-1	4	0	"2;1"	"id_508"	0	3	NA	0	0.85	2
4	0.823	1	17	4	17	"2;1"	"id_508"	0	3	NA	0	0.85	2
5	1.839	1	2	4	19	"2;1"	"id_508"	0	3	NA	0	0.85	2
6	0.744	1	7	4	26	"2;1"	"id_508"	0	3	NA	0	0.85	2
7	1.258	2	1	4	27	"2;1"	"id_508"	0	3	NA	0	0.85	2
8	0.593	2	-2	4	25	"2;1"	"id_508"	0	3	NA	0	0.85	2
9	0.593	2	0	4	25	"2;1"	"id_508"	0	3	NA	0	0.85	2
10	0.552	2	5	4	30	"2;1"	"id_508"	0	3	NA	0	0.85	2
11	0.733	2	7	4	37	"2;1"	"id_508"	0	3	NA	0	0.85	2
12	0.585	2	3	4	40	"2;1"	"id_508"	0	3	NA	0	0.85	2
13	0.535	2	1	4	41	"2;1"	"id_508"	0	3	NA	0	0.85	2
14	1.029	2	4	4	45	"2;1"	"id_508"	0	3	NA	0	0.85	2
15	1.057	2	4	4	49	"2;1"	"id_508"	0	3	NA	0	0.85	2
16	0.773	2	2	4	51	"2;1"	"id_508"	0	3	NA	0	0.85	2
17	1.182	2	-1	4	50	"2;1"	"id_508"	0	3	NA	0	0.85	2
18	0.734	2	5	4	55	"2;1"	"id_508"	0	3	NA	0	0.85	2
19	0.593	2	5	4	60	"2;1"	"id_508"	0	3	NA	0	0.85	2
20	0.661	2	-1	4	59	"2;1"	"id_508"	0	3	NA	0	0.85	2
21	0.596	2	3	4	62	"2;1"	"id_508"	0	3	NA	0	0.85	2
22	0.6	2	-4	4	58	"2;1"	"id_508"	0	3	NA	0	0.85	2
23	0.591	2	5	4	63	"2;1"	"id_508"	0	3	NA	0	0.85	2
24	1.114	1	4	4	67	"2;1"	"id_508"	0	3	NA	0	0.85	2
25	0.589	1	2	4	69	"2;1"	"id_508"	0	3	NA	0	0.85	2
1	0.794	2	-17	5	-17	"1;2"	"id_508"	0	3	NA	0	0.85	2
2	1.804	2	-12	5	-29	"1;2"	"id_508"	0	3	NA	0	0.85	2
3	0.886	2	1	5	-28	"1;2"	"id_508"	0	3	NA	0	0.85	2
4	1.363	2	12	5	-16	"1;2"	"id_508"	0	3	NA	0	0.85	2
5	1.398	2	31	5	15	"1;2"	"id_508"	0	3	NA	0	0.85	2
6	3.325	2	-3	5	12	"1;2"	"id_508"	0	3	NA	0	0.85	2
7	1.273	2	-1	5	11	"1;2"	"id_508"	0	3	NA	0	0.85	2
8	1.116	2	-2	5	9	"1;2"	"id_508"	0	3	NA	0	0.85	2
9	0.821	2	-2	5	7	"1;2"	"id_508"	0	3	NA	0	0.85	2
10	0.833	2	-26	5	-19	"1;2"	"id_508"	0	3	NA	0	0.85	2
11	2.492	2	14	5	-5	"1;2"	"id_508"	0	3	NA	0	0.85	2
12	1.125	2	9	5	4	"1;2"	"id_508"	0	3	NA	0	0.85	2
13	0.753	2	2	5	6	"1;2"	"id_508"	0	3	NA	0	0.85	2
14	0.712	2	11	5	17	"1;2"	"id_508"	0	3	NA	0	0.85	2
15	1.536	2	20	5	37	"1;2"	"id_508"	0	3	NA	0	0.85	2
16	0.978	2	3	5	40	"1;2"	"id_508"	0	3	NA	0	0.85	2
17	0.805	2	6	5	46	"1;2"	"id_508"	0	3	NA	0	0.85	2
18	0.712	2	-5	5	41	"1;2"	"id_508"	0	3	NA	0	0.85	2
19	1.912	1	5	5	46	"1;2"	"id_508"	0	3	NA	0	0.85	2
20	0.62	1	0	5	46	"1;2"	"id_508"	0	3	NA	0	0.85	2
21	0.662	1	3	5	49	"1;2"	"id_508"	0	3	NA	0	0.85	2
22	0.544	1	7	5	56	"1;2"	"id_508"	0	3	NA	0	0.85	2
23	0.566	1	0	5	56	"1;2"	"id_508"	0	3	NA	0	0.85	2
24	0.669	1	1	5	57	"1;2"	"id_508"	0	3	NA	0	0.85	2
25	0.782	1	-1	5	56	"1;2"	"id_508"	0	3	NA	0	0.85	2
1	1.696	2	-5	6	-5	"2;1"	"id_508"	0	3	NA	0	0.85	2
2	0.797	2	2	6	-3	"2;1"	"id_508"	0	3	NA	0	0.85	2
3	0.653	2	9	6	6	"2;1"	"id_508"	0	3	NA	0	0.85	2
4	0.584	2	3	6	9	"2;1"	"id_508"	0	3	NA	0	0.85	2
5	0.503	2	1	6	10	"2;1"	"id_508"	0	3	NA	0	0.85	2
6	0.573	2	-2	6	8	"2;1"	"id_508"	0	3	NA	0	0.85	2
7	1.506	1	15	6	23	"2;1"	"id_508"	0	3	NA	0	0.85	2
8	1.028	1	18	6	41	"2;1"	"id_508"	0	3	NA	0	0.85	2
9	0.972	1	0	6	41	"2;1"	"id_508"	0	3	NA	0	0.85	2
10	0.679	1	21	6	62	"2;1"	"id_508"	0	3	NA	0	0.85	2
11	0.748	1	0	6	62	"2;1"	"id_508"	0	3	NA	0	0.85	2
12	0.642	1	24	6	86	"2;1"	"id_508"	0	3	NA	0	0.85	2
13	0.737	1	-3	6	83	"2;1"	"id_508"	0	3	NA	0	0.85	2
14	1.22	1	7	6	90	"2;1"	"id_508"	0	3	NA	0	0.85	2
15	1.021	1	-1	6	89	"2;1"	"id_508"	0	3	NA	0	0.85	2
16	0.688	1	7	6	96	"2;1"	"id_508"	0	3	NA	0	0.85	2
17	1.117	1	-10	6	86	"2;1"	"id_508"	0	3	NA	0	0.85	2
18	0.604	1	3	6	89	"2;1"	"id_508"	0	3	NA	0	0.85	2
19	0.813	1	5	6	94	"2;1"	"id_508"	0	3	NA	0	0.85	2
20	1.136	1	-1	6	93	"2;1"	"id_508"	0	3	NA	0	0.85	2
21	0.666	1	-7	6	86	"2;1"	"id_508"	0	3	NA	0	0.85	2
22	0.691	1	-3	6	83	"2;1"	"id_508"	0	3	NA	0	0.85	2
23	1.264	1	9	6	92	"2;1"	"id_508"	0	3	NA	0	0.85	2
24	0.841	1	-2	6	90	"2;1"	"id_508"	0	3	NA	0	0.85	2
25	0.597	1	13	6	103	"2;1"	"id_508"	0	3	NA	0	0.85	2
1	1.205	2	5	7	5	"1;2"	"id_508"	0	3	NA	0	0.85	2
2	0.772	2	2	7	7	"1;2"	"id_508"	0	3	NA	0	0.85	2
3	0.841	2	8	7	15	"1;2"	"id_508"	0	3	NA	0	0.85	2
4	1.137	2	8	7	23	"1;2"	"id_508"	0	3	NA	0	0.85	2
5	0.873	2	7	7	30	"1;2"	"id_508"	0	3	NA	0	0.85	2
6	0.587	2	-13	7	17	"1;2"	"id_508"	0	3	NA	0	0.85	2
7	2.448	1	0	7	17	"1;2"	"id_508"	0	3	NA	0	0.85	2
8	0.628	1	-2	7	15	"1;2"	"id_508"	0	3	NA	0	0.85	2
9	0.982	1	1	7	16	"1;2"	"id_508"	0	3	NA	0	0.85	2
10	0.932	1	0	7	16	"1;2"	"id_508"	0	3	NA	0	0.85	2
11	0.577	1	3	7	19	"1;2"	"id_508"	0	3	NA	0	0.85	2
12	0.532	1	6	7	25	"1;2"	"id_508"	0	3	NA	0	0.85	2
13	1.013	1	-1	7	24	"1;2"	"id_508"	0	3	NA	0	0.85	2
14	0.54	1	2	7	26	"1;2"	"id_508"	0	3	NA	0	0.85	2
15	0.512	1	3	7	29	"1;2"	"id_508"	0	3	NA	0	0.85	2
16	1.049	1	2	7	31	"1;2"	"id_508"	0	3	NA	0	0.85	2
17	0.589	1	4	7	35	"1;2"	"id_508"	0	3	NA	0	0.85	2
18	0.578	1	4	7	39	"1;2"	"id_508"	0	3	NA	0	0.85	2
19	0.568	1	0	7	39	"1;2"	"id_508"	0	3	NA	0	0.85	2
20	1.12	1	4	7	43	"1;2"	"id_508"	0	3	NA	0	0.85	2
21	0.51	1	4	7	47	"1;2"	"id_508"	0	3	NA	0	0.85	2
22	0.561	1	3	7	50	"1;2"	"id_508"	0	3	NA	0	0.85	2
23	0.569	1	3	7	53	"1;2"	"id_508"	0	3	NA	0	0.85	2
24	0.561	1	3	7	56	"1;2"	"id_508"	0	3	NA	0	0.85	2
25	0.616	1	2	7	58	"1;2"	"id_508"	0	3	NA	0	0.85	2
1	1.029	2	13	8	13	"1;2"	"id_508"	0	3	NA	0	0.85	2
2	0.976	2	11	8	24	"1;2"	"id_508"	0	3	NA	0	0.85	2
3	0.857	2	1	8	25	"1;2"	"id_508"	0	3	NA	0	0.85	2
4	0.906	2	2	8	27	"1;2"	"id_508"	0	3	NA	0	0.85	2
5	0.711	2	-8	8	19	"1;2"	"id_508"	0	3	NA	0	0.85	2
6	0.762	2	1	8	20	"1;2"	"id_508"	0	3	NA	0	0.85	2
7	0.666	2	12	8	32	"1;2"	"id_508"	0	3	NA	0	0.85	2
8	1.749	2	-12	8	20	"1;2"	"id_508"	0	3	NA	0	0.85	2
9	0.803	2	-18	8	2	"1;2"	"id_508"	0	3	NA	0	0.85	2
10	0.689	2	-12	8	-10	"1;2"	"id_508"	0	3	NA	0	0.85	2
11	0.609	2	-13	8	-23	"1;2"	"id_508"	0	3	NA	0	0.85	2
12	0.573	2	10	8	-13	"1;2"	"id_508"	0	3	NA	0	0.85	2
13	0.864	2	3	8	-10	"1;2"	"id_508"	0	3	NA	0	0.85	2
14	0.58	2	-14	8	-24	"1;2"	"id_508"	0	3	NA	0	0.85	2
15	0.717	2	-4	8	-28	"1;2"	"id_508"	0	3	NA	0	0.85	2
16	0.901	2	-13	8	-41	"1;2"	"id_508"	0	3	NA	0	0.85	2
17	1.099	2	8	8	-33	"1;2"	"id_508"	0	3	NA	0	0.85	2
18	2.302	2	-6	8	-39	"1;2"	"id_508"	0	3	NA	0	0.85	2
19	1.326	1	3	8	-36	"1;2"	"id_508"	0	3	NA	0	0.85	2
20	0.704	1	4	8	-32	"1;2"	"id_508"	0	3	NA	0	0.85	2
21	0.818	1	5	8	-27	"1;2"	"id_508"	0	3	NA	0	0.85	2
22	1.127	1	0	8	-27	"1;2"	"id_508"	0	3	NA	0	0.85	2
23	0.86	1	5	8	-22	"1;2"	"id_508"	0	3	NA	0	0.85	2
24	1.085	1	6	8	-16	"1;2"	"id_508"	0	3	NA	0	0.85	2
25	1.569	1	2	8	-14	"1;2"	"id_508"	0	3	NA	0	0.85	2
1	0.912	2	17	9	17	"1;2"	"id_508"	0	3	NA	0	0.85	2
2	0.964	2	-8	9	9	"1;2"	"id_508"	0	3	NA	0	0.85	2
3	2.129	1	0	9	9	"1;2"	"id_508"	0	3	NA	0	0.85	2
4	0.754	1	4	9	13	"1;2"	"id_508"	0	3	NA	0	0.85	2
5	0.736	1	5	9	18	"1;2"	"id_508"	0	3	NA	0	0.85	2
6	0.512	1	3	9	21	"1;2"	"id_508"	0	3	NA	0	0.85	2
7	0.537	1	3	9	24	"1;2"	"id_508"	0	3	NA	0	0.85	2
8	0.56	1	2	9	26	"1;2"	"id_508"	0	3	NA	0	0.85	2
9	0.518	1	3	9	29	"1;2"	"id_508"	0	3	NA	0	0.85	2
10	0.531	1	3	9	32	"1;2"	"id_508"	0	3	NA	0	0.85	2
11	1.009	1	-1	9	31	"1;2"	"id_508"	0	3	NA	0	0.85	2
12	0.832	1	1	9	32	"1;2"	"id_508"	0	3	NA	0	0.85	2
13	0.928	1	2	9	34	"1;2"	"id_508"	0	3	NA	0	0.85	2
14	0.594	1	4	9	38	"1;2"	"id_508"	0	3	NA	0	0.85	2
15	0.57	1	3	9	41	"1;2"	"id_508"	0	3	NA	0	0.85	2
16	0.554	1	5	9	46	"1;2"	"id_508"	0	3	NA	0	0.85	2
17	1.01	1	3	9	49	"1;2"	"id_508"	0	3	NA	0	0.85	2
18	1.022	1	1	9	50	"1;2"	"id_508"	0	3	NA	0	0.85	2
19	0.536	1	6	9	56	"1;2"	"id_508"	0	3	NA	0	0.85	2
20	0.534	1	0	9	56	"1;2"	"id_508"	0	3	NA	0	0.85	2
21	0.579	1	2	9	58	"1;2"	"id_508"	0	3	NA	0	0.85	2
22	0.536	1	1	9	59	"1;2"	"id_508"	0	3	NA	0	0.85	2
23	0.505	1	7	9	66	"1;2"	"id_508"	0	3	NA	0	0.85	2
24	1.043	1	6	9	72	"1;2"	"id_508"	0	3	NA	0	0.85	2
25	0.513	1	2	9	74	"1;2"	"id_508"	0	3	NA	0	0.85	2
1	1.85	2	2	10	2	"2;1"	"id_508"	0	3	NA	0	0.85	2
2	0.538	2	4	10	6	"2;1"	"id_508"	0	3	NA	0	0.85	2
3	0.988	2	-3	10	3	"2;1"	"id_508"	0	3	NA	0	0.85	2
4	0.529	2	3	10	6	"2;1"	"id_508"	0	3	NA	0	0.85	2
5	1.056	2	-1	10	5	"2;1"	"id_508"	0	3	NA	0	0.85	2
6	0.56	2	3	10	8	"2;1"	"id_508"	0	3	NA	0	0.85	2
7	1.169	2	-1	10	7	"2;1"	"id_508"	0	3	NA	0	0.85	2
8	0.801	2	2	10	9	"2;1"	"id_508"	0	3	NA	0	0.85	2
9	0.832	2	4	10	13	"2;1"	"id_508"	0	3	NA	0	0.85	2
10	0.504	2	2	10	15	"2;1"	"id_508"	0	3	NA	0	0.85	2
11	1.205	2	-1	10	14	"2;1"	"id_508"	0	3	NA	0	0.85	2
12	0.66	2	4	10	18	"2;1"	"id_508"	0	3	NA	0	0.85	2
13	0.881	2	4	10	22	"2;1"	"id_508"	0	3	NA	0	0.85	2
14	1.957	1	13	10	35	"2;1"	"id_508"	0	3	NA	0	0.85	2
15	1.039	1	3	10	38	"2;1"	"id_508"	0	3	NA	0	0.85	2
16	0.912	1	1	10	39	"2;1"	"id_508"	0	3	NA	0	0.85	2
17	0.847	1	10	10	49	"2;1"	"id_508"	0	3	NA	0	0.85	2
18	0.824	1	5	10	54	"2;1"	"id_508"	0	3	NA	0	0.85	2
19	0.804	1	14	10	68	"2;1"	"id_508"	0	3	NA	0	0.85	2
20	0.78	1	18	10	86	"2;1"	"id_508"	0	3	NA	0	0.85	2
21	0.846	1	-2	10	84	"2;1"	"id_508"	0	3	NA	0	0.85	2
22	2.036	2	5	10	89	"2;1"	"id_508"	0	3	NA	0	0.85	2
23	1.537	2	6	10	95	"2;1"	"id_508"	0	3	NA	0	0.85	2
24	0.952	2	-2	10	93	"2;1"	"id_508"	0	3	NA	0	0.85	2
25	2.419	1	12	10	105	"2;1"	"id_508"	0	3	NA	0	0.85	2
1	4.166	2	-11	11	-11	"1;2"	"id_508"	0	3	NA	0	0.85	2
2	1.189	2	18	11	7	"1;2"	"id_508"	0	3	NA	0	0.85	2
3	0.917	2	5	11	12	"1;2"	"id_508"	0	3	NA	0	0.85	2
4	0.615	2	-13	11	-1	"1;2"	"id_508"	0	3	NA	0	0.85	2
5	1.329	1	8	11	7	"1;2"	"id_508"	0	3	NA	0	0.85	2
6	0.74	1	5	11	12	"1;2"	"id_508"	0	3	NA	0	0.85	2
7	0.561	1	0	11	12	"1;2"	"id_508"	0	3	NA	0	0.85	2
8	0.616	1	2	11	14	"1;2"	"id_508"	0	3	NA	0	0.85	2
9	0.521	1	-1	11	13	"1;2"	"id_508"	0	3	NA	0	0.85	2
10	0.506	1	4	11	17	"1;2"	"id_508"	0	3	NA	0	0.85	2
11	0.99	1	5	11	22	"1;2"	"id_508"	0	3	NA	0	0.85	2
12	0.56	1	5	11	27	"1;2"	"id_508"	0	3	NA	0	0.85	2
13	0.533	1	5	11	32	"1;2"	"id_508"	0	3	NA	0	0.85	2
14	0.568	1	4	11	36	"1;2"	"id_508"	0	3	NA	0	0.85	2
15	0.562	1	3	11	39	"1;2"	"id_508"	0	3	NA	0	0.85	2
16	0.541	1	2	11	41	"1;2"	"id_508"	0	3	NA	0	0.85	2
17	1.043	1	0	11	41	"1;2"	"id_508"	0	3	NA	0	0.85	2
18	0.515	1	5	11	46	"1;2"	"id_508"	0	3	NA	0	0.85	2
19	0.576	1	1	11	47	"1;2"	"id_508"	0	3	NA	0	0.85	2
20	0.656	1	3	11	50	"1;2"	"id_508"	0	3	NA	0	0.85	2
21	0.685	1	1	11	51	"1;2"	"id_508"	0	3	NA	0	0.85	2
22	0.725	1	8	11	59	"1;2"	"id_508"	0	3	NA	0	0.85	2
23	0.844	2	-7	11	52	"1;2"	"id_508"	0	3	NA	0	0.85	2
24	0.923	1	0	11	52	"1;2"	"id_508"	0	3	NA	0	0.85	2
25	0.646	1	5	11	57	"1;2"	"id_508"	0	3	NA	0	0.85	2
